8 0.13166667 0.01750000 0.13000000 0.01875000 0.12500000 0.01875000 0.12333333 0.02000000 0.12000000 0.02000000 0.11833333 0.02125000 0.11666667 0.02125000 0.11666667 0.02250000 0.11333333 0.02500000 0.11333333 0.02625000 0.11166667 0.02750000 0.11166667 0.02875000 0.10833333 0.03125000 0.10833333 0.03250000 0.10666667 0.03375000 0.10666667 0.03500000 0.10500000 0.03625000 0.10500000 0.03750000 0.10166667 0.04000000 0.10166667 0.11875000 0.10000000 0.12000000 0.10000000 0.20875000 0.09833333 0.21000000 0.09833333 0.29750000 0.09666667 0.29875000 0.09666667 0.39000000 0.09500000 0.39125000 0.09500000 0.52125000 0.09333333 0.52250000 0.09333333 0.63125000 0.09166667 0.63250000 0.09166667 0.69125000 0.09000000 0.69250000 0.09000000 0.75000000 0.08833333 0.75125000 0.08833333 0.80875000 0.08666667 0.81000000 0.08666667 0.86750000 0.08500000 0.86875000 0.08500000 0.92625000 0.08333333 0.92750000 0.08333333 0.94500000 0.08500000 0.94625000 0.08500000 0.94750000 0.08666667 0.94875000 0.08666667 0.95000000 0.08833333 0.95125000 0.08833333 0.95250000 0.09166667 0.95500000 0.09166667 0.95625000 0.09333333 0.95750000 0.09333333 0.95875000 0.09500000 0.96000000 0.09500000 0.96125000 0.09666667 0.96250000 0.09666667 0.96375000 0.09833333 0.96500000 0.09833333 0.96625000 0.10000000 0.96750000 0.10000000 0.96875000 0.10333333 0.97125000 0.10333333 0.97250000 0.13000000 0.97250000 0.13166667 0.97375000 0.17000000 0.97375000 0.17166667 0.97500000 0.21000000 0.97500000 0.21166667 0.97625000 0.21666667 0.97625000 0.21833333 0.97500000 0.24666667 0.97500000 0.24833333 0.97375000 0.27666667 0.97375000 0.27833333 0.97250000 0.30833333 0.97250000 0.31000000 0.97125000 0.33833333 0.97125000 0.34000000 0.97000000 0.36833333 0.97000000 0.37000000 0.96875000 0.39833333 0.96875000 0.40000000 0.96750000 0.43000000 0.96750000 0.43166667 0.96625000 0.46000000 0.96625000 0.46166667 0.96500000 0.49000000 0.96500000 0.49166667 0.96375000 0.52000000 0.96375000 0.52166667 0.96250000 0.55166667 0.96250000 0.55333333 0.96125000 0.58166667 0.96125000 0.58333333 0.96000000 0.61166667 0.96000000 0.61333333 0.95875000 0.64166667 0.95875000 0.64333333 0.95750000 0.67333333 0.95750000 0.67500000 0.95625000 0.74666667 0.95625000 0.74833333 0.95500000 0.87166667 0.95500000 0.87333333 0.95375000 0.87833333 0.95375000 0.88000000 0.95250000 0.88666667 0.95250000 0.88833333 0.95125000 0.89333333 0.95125000 0.89500000 0.95000000 0.90166667 0.95000000 0.90333333 0.94875000 0.90833333 0.94875000 0.91000000 0.94750000 0.91666667 0.94750000 0.91666667 0.94625000 0.91833333 0.94500000 0.91833333 0.94125000 0.92000000 0.94000000 0.92000000 0.93625000 0.92166667 0.93500000 0.92166667 0.93125000 0.92333333 0.93000000 0.92333333 0.92625000 0.92500000 0.92500000 0.92500000 0.92125000 0.92666667 0.92000000 0.92666667 0.91625000 0.92833333 0.91500000 0.92833333 0.87500000 0.92666667 0.87375000 0.92666667 0.75000000 0.92500000 0.74875000 0.92500000 0.64000000 0.92333333 0.63875000 0.92333333 0.53000000 0.92166667 0.52875000 0.92166667 0.42000000 0.92000000 0.41875000 0.92000000 0.31000000 0.91833333 0.30875000 0.91833333 0.26250000 0.92000000 0.26125000 0.92000000 0.21500000 0.92166667 0.21375000 0.92166667 0.16750000 0.92333333 0.16625000 0.92333333 0.11875000 0.92500000 0.11750000 0.92500000 0.08750000 0.92333333 0.08625000 0.92333333 0.07250000 0.92166667 0.07125000 0.92166667 0.05875000 0.92000000 0.05750000 0.92000000 0.05375000 0.91833333 0.05375000 0.91666667 0.05250000 0.91500000 0.05250000 0.91333333 0.05125000 0.91166667 0.05125000 0.91000000 0.05000000 0.90833333 0.05000000 0.90666667 0.04875000 0.90500000 0.04875000 0.90333333 0.04750000 0.90166667 0.04750000 0.90000000 0.04625000 0.89833333 0.04625000 0.89666667 0.04500000 0.89500000 0.04500000 0.89333333 0.04375000 0.89166667 0.04375000 0.89000000 0.04250000 0.88833333 0.04250000 0.88666667 0.04125000 0.88500000 0.04125000 0.88333333 0.04000000 0.85333333 0.04000000 0.85166667 0.03875000 0.81000000 0.03875000 0.80833333 0.03750000 0.76666667 0.03750000 0.76500000 0.03625000 0.74000000 0.03625000 0.73833333 0.03500000 0.71500000 0.03500000 0.71333333 0.03375000 0.69000000 0.03375000 0.68833333 0.03250000 0.66500000 0.03250000 0.66333333 0.03125000 0.64000000 0.03125000 0.63833333 0.03000000 0.61500000 0.03000000 0.61333333 0.02875000 0.59000000 0.02875000 0.58833333 0.02750000 0.56500000 0.02750000 0.56333333 0.02625000 0.42000000 0.02625000 0.41833333 0.02500000 0.39500000 0.02500000 0.39333333 0.02375000 0.36833333 0.02375000 0.36666667 0.02250000 0.34333333 0.02250000 0.34166667 0.02125000 0.31833333 0.02125000 0.31666667 0.02000000 0.29333333 0.02000000 0.29166667 0.01875000 0.26833333 0.01875000 0.26666667 0.01750000
8 0.52000000 0.05000000 0.52000000 0.36250000 0.86000000 0.36250000 0.86000000 0.05000000
8 0.17666667 0.03875000 0.17666667 0.34000000 0.45000000 0.34000000 0.45000000 0.03875000
8 0.60000000 0.39625000 0.60000000 0.93125000 0.85666667 0.93125000 0.85666667 0.39625000
1 0.16333333 0.35500000 0.16333333 0.95750000 0.52166667 0.95750000 0.52166667 0.35500000
7 0.19500000 0.36375000 0.19500000 0.49625000 0.49833333 0.49625000 0.49833333 0.36375000
0 0.28166667 0.60750000 0.28166667 0.69875000 0.40833333 0.69875000 0.40833333 0.60750000
0 0.25166667 0.69625000 0.25166667 0.89000000 0.32666667 0.89000000 0.32666667 0.69625000
0 0.37666667 0.70125000 0.37666667 0.87875000 0.41500000 0.87875000 0.41500000 0.70125000
0 0.44666667 0.50750000 0.44666667 0.85250000 0.48500000 0.85250000 0.48500000 0.50750000
0 0.33000000 0.40875000 0.33000000 0.47250000 0.46500000 0.47250000 0.46500000 0.40875000
0 0.36666667 0.47250000 0.36666667 0.49375000 0.40500000 0.49375000 0.40500000 0.47250000
0 0.41666667 0.47625000 0.41666667 0.49250000 0.44833333 0.49250000 0.44833333 0.47625000
6 0.54666667 0.47500000 0.54666667 0.50500000 0.58000000 0.50500000 0.58000000 0.47500000
6 0.11166667 0.46625000 0.11166667 0.50500000 0.15333333 0.50500000 0.15333333 0.46625000
6 0.10666667 0.92250000 0.10666667 0.96625000 0.15166667 0.96625000 0.15166667 0.92250000
6 0.54166667 0.91375000 0.54166667 0.95000000 0.58166667 0.95000000 0.58166667 0.91375000
6 0.87000000 0.90125000 0.87000000 0.94125000 0.91000000 0.94125000 0.91000000 0.90125000
6 0.86000000 0.47000000 0.86000000 0.51375000 0.91166667 0.51375000 0.91166667 0.47000000
6 0.46166667 0.03250000 0.46166667 0.07250000 0.51166667 0.07250000 0.51166667 0.03250000
6 0.12166667 0.02875000 0.12166667 0.06125000 0.16333333 0.06125000 0.16333333 0.02875000
6 0.87166667 0.05000000 0.87166667 0.08875000 0.90166667 0.08875000 0.90166667 0.05000000
6 0.94166667 0.05500000 0.94166667 0.08875000 0.98666667 0.08875000 0.98666667 0.05500000
6 0.95000000 0.47250000 0.95000000 0.51375000 0.98833333 0.51375000 0.98833333 0.47250000