8 0.10666667 0.04125000 0.10666667 0.96500000 0.91666667 0.96500000 0.91666667 0.04125000
6 0.14000000 0.06375000 0.14000000 0.09750000 0.19333333 0.09750000 0.19333333 0.06375000
6 0.46333333 0.06625000 0.46333333 0.10000000 0.52666667 0.10000000 0.52666667 0.06625000
6 0.85666667 0.07375000 0.85666667 0.11375000 0.90333333 0.11375000 0.90333333 0.07375000
6 0.13333333 0.48375000 0.13333333 0.51875000 0.19166667 0.51875000 0.19166667 0.48375000
6 0.85666667 0.47375000 0.85666667 0.52625000 0.90666667 0.52625000 0.90666667 0.47375000
6 0.12000000 0.92125000 0.12000000 0.95500000 0.16666667 0.95500000 0.16666667 0.92125000
6 0.51666667 0.91875000 0.51666667 0.95125000 0.59166667 0.95125000 0.59166667 0.91875000
6 0.85333333 0.91125000 0.85333333 0.95250000 0.91000000 0.95250000 0.91000000 0.91125000
6 0.04000000 0.46875000 0.04000000 0.52125000 0.09333333 0.52125000 0.09333333 0.46875000
6 0.03333333 0.92125000 0.03333333 0.96500000 0.08500000 0.96500000 0.08500000 0.92125000
6 0.05666667 0.05875000 0.05666667 0.09750000 0.10666667 0.09750000 0.10666667 0.05875000
6 0.23000000 0.00625000 0.23000000 0.04000000 0.28000000 0.04000000 0.28000000 0.00625000
3 0.49333333 0.39875000 0.49333333 0.60250000 0.55833333 0.60250000 0.55833333 0.39875000
3 0.58333333 0.40375000 0.58333333 0.60250000 0.65333333 0.60250000 0.65333333 0.40375000
3 0.67333333 0.40375000 0.67333333 0.60625000 0.75166667 0.60625000 0.75166667 0.40375000
3 0.77333333 0.40375000 0.77333333 0.60750000 0.84666667 0.60750000 0.84666667 0.40375000
3 0.48666667 0.69375000 0.48666667 0.91750000 0.56000000 0.91750000 0.56000000 0.69375000
3 0.58000000 0.69375000 0.58000000 0.91500000 0.65000000 0.91500000 0.65000000 0.69375000
3 0.67000000 0.69375000 0.67000000 0.91250000 0.75000000 0.91250000 0.75000000 0.69375000
3 0.76666667 0.69375000 0.76666667 0.91125000 0.84000000 0.91125000 0.84000000 0.69375000
4 0.21333333 0.11375000 0.21333333 0.31250000 0.28500000 0.31250000 0.28500000 0.11375000
4 0.31333333 0.11625000 0.31333333 0.31625000 0.37833333 0.31625000 0.37833333 0.11625000
4 0.40000000 0.11375000 0.40000000 0.31875000 0.47833333 0.31875000 0.47833333 0.11375000
4 0.50000000 0.11625000 0.50000000 0.31625000 0.56333333 0.31625000 0.56333333 0.11625000
4 0.58000000 0.11875000 0.58000000 0.32250000 0.66000000 0.32250000 0.66000000 0.11875000
4 0.68666667 0.12375000 0.68666667 0.32125000 0.75000000 0.32125000 0.75000000 0.12375000
4 0.77333333 0.12375000 0.77333333 0.32125000 0.84500000 0.32125000 0.84500000 0.12375000
4 0.19333333 0.39375000 0.19333333 0.59875000 0.28333333 0.59875000 0.28333333 0.39375000
4 0.30666667 0.39625000 0.30666667 0.60125000 0.36666667 0.60125000 0.36666667 0.39625000
4 0.39333333 0.39875000 0.39333333 0.60375000 0.47000000 0.60375000 0.47000000 0.39875000
4 0.19333333 0.69375000 0.19333333 0.90125000 0.27000000 0.90125000 0.27000000 0.69375000
4 0.30000000 0.69625000 0.30000000 0.89750000 0.36500000 0.89750000 0.36500000 0.69625000
4 0.39333333 0.69125000 0.39333333 0.89500000 0.46000000 0.89500000 0.46000000 0.69125000