8 0.07166667 0.00000000 0.07166667 0.97250000 0.92833333 0.97250000 0.92833333 0.00000000
5 0.54666667 0.03375000 0.54666667 0.34750000 0.86666667 0.34750000 0.86666667 0.03375000
5 0.16333333 0.34375000 0.16333333 0.94250000 0.51166667 0.94250000 0.51166667 0.34375000
5 0.61000000 0.39625000 0.61000000 0.94125000 0.85833333 0.94125000 0.85833333 0.39625000
1 0.16500000 0.00125000 0.16500000 0.32375000 0.44000000 0.32375000 0.44000000 0.00125000
0 0.21666667 0.04375000 0.21666667 0.30250000 0.39666667 0.30250000 0.39666667 0.04375000
6 0.47000000 0.01875000 0.47000000 0.04500000 0.51166667 0.04500000 0.51166667 0.01875000
6 0.10000000 0.00000000 0.10000000 0.03375000 0.15666667 0.03375000 0.15666667 0.00000000
6 0.10000000 0.46125000 0.10000000 0.49875000 0.14666667 0.49875000 0.14666667 0.46125000
6 0.54000000 0.46625000 0.54000000 0.50625000 0.58333333 0.50625000 0.58333333 0.46625000
6 0.88666667 0.46875000 0.88666667 0.51625000 0.92500000 0.51625000 0.92500000 0.46875000
6 0.08000000 0.93125000 0.08000000 0.97000000 0.13333333 0.97000000 0.13333333 0.93125000
6 0.53000000 0.92625000 0.53000000 0.96125000 0.58000000 0.96125000 0.58000000 0.92625000
6 0.87666667 0.03125000 0.87666667 0.07000000 0.93666667 0.07000000 0.93666667 0.03125000
6 0.87333333 0.91875000 0.87333333 0.95750000 0.92000000 0.95750000 0.92000000 0.91875000
6 0.00000000 0.45375000 0.00000000 0.49750000 0.05166667 0.49750000 0.05166667 0.45375000
6 0.01333333 0.00000000 0.01333333 0.03250000 0.06500000 0.03250000 0.06500000 0.00000000
6 0.00666667 0.92375000 0.00666667 0.97000000 0.04000000 0.97000000 0.04000000 0.92375000
6 0.95000000 0.91625000 0.95000000 0.95750000 0.99833333 0.95750000 0.99833333 0.91625000
6 0.95333333 0.47375000 0.95333333 0.51375000 0.99833333 0.51375000 0.99833333 0.47375000
6 0.97000000 0.03125000 0.97000000 0.06750000 0.99833333 0.06750000 0.99833333 0.03125000
0 0.23000000 0.13375000 0.23000000 0.28250000 0.27666667 0.28250000 0.27666667 0.13375000
0 0.32000000 0.13375000 0.32000000 0.30125000 0.35666667 0.30125000 0.35666667 0.13375000