8 0.04000000 0.01375000 0.04000000 0.99875000 0.91666667 0.99875000 0.91666667 0.01375000
5 0.13333333 0.04375000 0.13333333 0.34750000 0.40000000 0.34750000 0.40000000 0.04375000
5 0.13000000 0.37875000 0.13000000 0.97625000 0.47333333 0.97625000 0.47333333 0.37875000
5 0.58666667 0.41875000 0.58666667 0.96625000 0.83666667 0.96625000 0.83666667 0.41875000
1 0.50333333 0.03875000 0.50333333 0.37125000 0.84000000 0.37125000 0.84000000 0.03875000
7 0.52666667 0.05125000 0.52666667 0.14750000 0.82000000 0.14750000 0.82000000 0.05125000
0 0.53333333 0.20875000 0.53333333 0.28625000 0.78500000 0.28625000 0.78500000 0.20875000
0 0.61333333 0.17625000 0.61333333 0.35750000 0.71666667 0.35750000 0.71666667 0.17625000
6 0.06333333 0.02375000 0.06333333 0.06250000 0.11333333 0.06250000 0.11333333 0.02375000
6 0.42000000 0.03375000 0.42000000 0.07500000 0.47166667 0.07500000 0.47166667 0.03375000
6 0.06000000 0.48375000 0.06000000 0.52875000 0.11000000 0.52875000 0.11000000 0.48375000
6 0.51000000 0.48875000 0.51000000 0.52875000 0.55833333 0.52875000 0.55833333 0.48875000
6 0.83666667 0.04375000 0.83666667 0.08375000 0.89333333 0.08375000 0.89333333 0.04375000
6 0.84000000 0.49125000 0.84000000 0.53375000 0.90333333 0.53375000 0.90333333 0.49125000
6 0.04000000 0.96125000 0.04000000 0.99875000 0.10000000 0.99875000 0.10000000 0.96125000
6 0.50666667 0.95375000 0.50666667 0.99625000 0.55833333 0.99625000 0.55833333 0.95375000
6 0.86000000 0.93875000 0.86000000 0.98000000 0.89666667 0.98000000 0.89666667 0.93875000
6 0.93333333 0.94375000 0.93333333 0.98250000 0.98333333 0.98250000 0.98333333 0.94375000
6 0.92333333 0.48625000 0.92333333 0.53375000 0.99166667 0.53375000 0.99166667 0.48625000
6 0.92666667 0.04375000 0.92666667 0.09500000 0.97833333 0.09500000 0.97833333 0.04375000