8 0.07833333 0.00000000 0.07833333 0.99125000 0.96000000 0.99125000 0.96000000 0.00000000
5 0.17333333 0.35875000 0.17333333 0.37125000 0.17166667 0.37250000 0.17166667 0.40000000 0.17000000 0.40125000 0.17000000 0.42750000 0.16833333 0.42875000 0.16833333 0.45625000 0.16666667 0.45750000 0.16666667 0.48500000 0.16500000 0.48625000 0.16500000 0.51375000 0.16333333 0.51500000 0.16333333 0.54125000 0.16166667 0.54250000 0.16166667 0.57000000 0.16000000 0.57125000 0.16000000 0.59875000 0.15833333 0.60000000 0.15833333 0.62750000 0.15666667 0.62875000 0.15666667 0.65625000 0.15500000 0.65750000 0.15500000 0.68375000 0.15333333 0.68500000 0.15333333 0.71250000 0.15166667 0.71375000 0.15166667 0.74125000 0.15000000 0.74250000 0.15000000 0.77000000 0.14833333 0.77125000 0.14833333 0.79750000 0.14666667 0.79875000 0.14666667 0.82625000 0.14500000 0.82750000 0.14500000 0.85500000 0.14333333 0.85625000 0.14333333 0.88375000 0.14166667 0.88500000 0.14166667 0.91125000 0.14000000 0.91250000 0.14000000 0.94000000 0.13833333 0.94125000 0.13833333 0.96625000 0.15833333 0.96625000 0.16000000 0.96500000 0.23000000 0.96500000 0.23166667 0.96375000 0.30166667 0.96375000 0.30333333 0.96250000 0.37500000 0.96250000 0.37666667 0.96125000 0.44666667 0.96125000 0.44833333 0.96000000 0.51166667 0.96000000 0.51166667 0.88625000 0.51333333 0.88500000 0.51333333 0.73875000 0.51500000 0.73750000 0.51500000 0.59125000 0.51666667 0.59000000 0.51666667 0.44250000 0.51833333 0.44125000 0.51833333 0.36875000 0.50000000 0.36875000 0.49833333 0.36750000 0.45833333 0.36750000 0.45666667 0.36625000 0.41666667 0.36625000 0.41500000 0.36500000 0.37500000 0.36500000 0.37333333 0.36375000 0.33500000 0.36375000 0.33333333 0.36250000 0.29333333 0.36250000 0.29166667 0.36125000 0.25166667 0.36125000 0.25000000 0.36000000 0.21000000 0.36000000 0.20833333 0.35875000
1 0.76000000 0.40250000 0.75833333 0.40375000 0.73500000 0.40375000 0.73333333 0.40500000 0.70833333 0.40500000 0.70666667 0.40625000 0.68166667 0.40625000 0.68000000 0.40750000 0.65500000 0.40750000 0.65333333 0.40875000 0.63000000 0.40875000 0.62833333 0.41000000 0.61166667 0.41000000 0.61166667 0.41875000 0.61000000 0.42000000 0.61000000 0.52250000 0.60833333 0.52375000 0.60833333 0.62625000 0.60666667 0.62750000 0.60666667 0.73000000 0.60500000 0.73125000 0.60500000 0.83375000 0.60333333 0.83500000 0.60333333 0.93750000 0.60166667 0.93875000 0.60166667 0.94750000 0.60333333 0.94875000 0.60333333 0.95000000 0.60833333 0.95375000 0.60833333 0.95500000 0.61500000 0.96000000 0.61500000 0.96125000 0.62000000 0.96500000 0.62000000 0.96625000 0.62500000 0.97000000 0.62500000 0.97125000 0.63000000 0.97500000 0.63000000 0.97625000 0.63500000 0.98000000 0.63500000 0.98125000 0.63666667 0.98250000 0.66000000 0.98250000 0.66166667 0.98125000 0.69500000 0.98125000 0.69666667 0.98000000 0.73000000 0.98000000 0.73166667 0.97875000 0.76500000 0.97875000 0.76666667 0.97750000 0.80000000 0.97750000 0.80166667 0.97625000 0.83500000 0.97625000 0.83666667 0.97500000 0.86666667 0.97500000 0.86833333 0.97375000 0.86833333 0.96750000 0.87000000 0.96625000 0.87000000 0.96000000 0.87166667 0.95875000 0.87166667 0.95250000 0.87333333 0.95125000 0.87333333 0.94500000 0.87500000 0.94375000 0.87500000 0.93750000 0.87666667 0.93625000 0.87666667 0.93000000 0.87833333 0.92875000 0.87833333 0.92250000 0.88000000 0.92125000 0.88000000 0.88125000 0.88166667 0.88000000 0.88166667 0.53125000 0.88333333 0.53000000 0.88333333 0.49375000 0.88166667 0.49250000 0.88166667 0.46625000 0.88000000 0.46500000 0.88000000 0.43875000 0.87833333 0.43750000 0.87833333 0.42500000 0.87666667 0.42500000 0.87500000 0.42375000 0.87166667 0.42375000 0.87000000 0.42250000 0.86666667 0.42250000 0.86500000 0.42125000 0.86166667 0.42125000 0.86000000 0.42000000 0.85666667 0.42000000 0.85500000 0.41875000 0.85166667 0.41875000 0.85000000 0.41750000 0.84500000 0.41750000 0.84333333 0.41625000 0.84000000 0.41625000 0.83833333 0.41500000 0.83500000 0.41500000 0.83333333 0.41375000 0.83000000 0.41375000 0.82833333 0.41250000 0.82500000 0.41250000 0.82333333 0.41125000 0.82000000 0.41125000 0.81833333 0.41000000 0.81500000 0.41000000 0.81333333 0.40875000 0.81000000 0.40875000 0.80833333 0.40750000 0.80500000 0.40750000 0.80333333 0.40625000 0.80000000 0.40625000 0.79833333 0.40500000 0.79500000 0.40500000 0.79333333 0.40375000 0.78833333 0.40375000 0.78666667 0.40250000
1 0.17333333 0.00375000 0.17333333 0.33250000 0.45666667 0.33250000 0.45666667 0.00375000
1 0.55333333 0.02125000 0.55333333 0.36375000 0.89000000 0.36375000 0.89000000 0.02125000
0 0.22666667 0.04875000 0.22666667 0.31375000 0.41166667 0.31375000 0.41166667 0.04875000
0 0.23333333 0.14375000 0.23333333 0.29750000 0.30000000 0.29750000 0.30000000 0.14375000
0 0.34000000 0.14375000 0.34000000 0.31250000 0.37666667 0.31250000 0.37666667 0.14375000
0 0.70000000 0.63375000 0.70000000 0.72125000 0.77666667 0.72125000 0.77666667 0.63375000
0 0.57666667 0.19375000 0.57666667 0.27875000 0.82666667 0.27875000 0.82666667 0.19375000
0 0.66333333 0.16375000 0.66333333 0.34375000 0.75166667 0.34375000 0.75166667 0.16375000
7 0.57000000 0.04125000 0.57000000 0.14250000 0.87666667 0.14250000 0.87666667 0.04125000
7 0.62000000 0.41875000 0.62000000 0.50625000 0.86666667 0.50625000 0.86666667 0.41875000
6 0.01000000 0.46375000 0.01000000 0.50375000 0.06166667 0.50375000 0.06166667 0.46375000
6 0.09666667 0.46750000 0.09666667 0.51250000 0.15000000 0.51250000 0.15000000 0.46750000
6 0.00000000 0.93750000 0.00000000 0.98125000 0.04166667 0.98125000 0.04166667 0.93750000
6 0.54333333 0.47750000 0.54333333 0.51750000 0.59666667 0.51750000 0.59666667 0.47750000
6 0.52666667 0.93625000 0.52666667 0.98375000 0.58666667 0.98375000 0.58666667 0.93625000
6 0.09000000 0.94000000 0.09000000 0.98625000 0.14000000 0.98625000 0.14000000 0.94000000
6 0.89500000 0.48375000 0.89500000 0.52250000 0.94000000 0.52250000 0.94000000 0.48375000
6 0.88166667 0.93750000 0.88166667 0.97375000 0.92166667 0.97375000 0.92166667 0.93750000
6 0.96666667 0.93375000 0.96666667 0.97375000 0.99833333 0.97375000 0.99833333 0.93375000
6 0.48500000 0.02125000 0.48500000 0.05750000 0.53333333 0.05750000 0.53333333 0.02125000
6 0.11666667 0.00625000 0.11666667 0.04625000 0.17333333 0.04625000 0.17333333 0.00625000
6 0.03000000 0.00000000 0.03000000 0.03500000 0.08000000 0.03500000 0.08000000 0.00000000
6 0.90333333 0.03000000 0.90333333 0.08250000 0.95833333 0.08250000 0.95833333 0.03000000