8 0.08666667 0.03125000 0.08500000 0.03250000 0.08333333 0.03250000 0.08166667 0.03375000 0.08000000 0.03375000 0.07833333 0.03500000 0.07666667 0.03500000 0.07500000 0.03625000 0.07333333 0.03625000 0.07166667 0.03750000 0.07000000 0.03750000 0.06833333 0.03875000 0.06666667 0.03875000 0.06500000 0.04000000 0.06333333 0.04000000 0.06166667 0.04125000 0.06000000 0.04125000 0.06000000 0.04250000 0.05833333 0.04375000 0.05833333 0.04500000 0.05666667 0.04625000 0.05666667 0.04750000 0.05500000 0.04875000 0.05500000 0.05000000 0.05333333 0.05125000 0.05333333 0.05375000 0.05166667 0.05500000 0.05166667 0.05625000 0.05000000 0.05750000 0.05000000 0.06500000 0.04833333 0.06625000 0.04833333 0.13500000 0.04666667 0.13625000 0.04666667 0.20625000 0.04500000 0.20750000 0.04500000 0.27625000 0.04333333 0.27750000 0.04333333 0.34625000 0.04166667 0.34750000 0.04166667 0.41625000 0.04000000 0.41750000 0.04000000 0.48625000 0.03833333 0.48750000 0.03833333 0.55625000 0.03666667 0.55750000 0.03666667 0.62625000 0.03500000 0.62750000 0.03500000 0.69625000 0.03333333 0.69750000 0.03333333 0.76625000 0.03166667 0.76750000 0.03166667 0.83625000 0.03000000 0.83750000 0.03000000 0.90625000 0.02833333 0.90750000 0.02833333 0.93250000 0.03000000 0.93375000 0.03000000 0.94750000 0.03166667 0.94875000 0.03166667 0.96125000 0.03333333 0.96250000 0.03333333 0.96875000 0.03500000 0.97000000 0.04000000 0.97000000 0.04166667 0.97125000 0.04500000 0.97125000 0.04666667 0.97250000 0.05000000 0.97250000 0.05166667 0.97375000 0.05666667 0.97375000 0.05833333 0.97500000 0.06166667 0.97500000 0.06333333 0.97625000 0.10000000 0.97625000 0.10166667 0.97750000 0.12333333 0.97750000 0.12500000 0.97625000 0.15666667 0.97625000 0.15833333 0.97500000 0.18833333 0.97500000 0.19000000 0.97375000 0.22000000 0.97375000 0.22166667 0.97250000 0.25333333 0.97250000 0.25500000 0.97125000 0.28500000 0.97125000 0.28666667 0.97000000 0.31833333 0.97000000 0.32000000 0.96875000 0.35000000 0.96875000 0.35166667 0.96750000 0.38166667 0.96750000 0.38333333 0.96625000 0.41500000 0.96625000 0.41666667 0.96500000 0.44666667 0.96500000 0.44833333 0.96375000 0.48000000 0.96375000 0.48166667 0.96250000 0.51166667 0.96250000 0.51333333 0.96125000 0.54333333 0.96125000 0.54500000 0.96000000 0.57666667 0.96000000 0.57833333 0.95875000 0.60833333 0.95875000 0.61000000 0.95750000 0.64166667 0.95750000 0.64333333 0.95625000 0.67333333 0.95625000 0.67500000 0.95500000 0.70500000 0.95500000 0.70666667 0.95375000 0.80333333 0.95375000 0.80500000 0.95500000 0.81500000 0.95500000 0.81666667 0.95375000 0.82000000 0.95375000 0.82166667 0.95250000 0.82500000 0.95250000 0.82666667 0.95125000 0.82833333 0.95125000 0.83000000 0.95000000 0.83333333 0.95000000 0.83500000 0.94875000 0.83833333 0.94875000 0.84000000 0.94750000 0.84333333 0.94750000 0.84500000 0.94625000 0.84666667 0.94625000 0.84833333 0.94500000 0.84833333 0.94375000 0.85166667 0.94125000 0.85166667 0.94000000 0.85500000 0.93750000 0.85500000 0.93625000 0.86000000 0.93250000 0.86000000 0.93000000 0.86166667 0.92875000 0.86166667 0.92250000 0.86333333 0.92125000 0.86333333 0.91500000 0.86500000 0.91375000 0.86500000 0.90875000 0.86666667 0.90750000 0.86666667 0.87750000 0.86500000 0.87625000 0.86500000 0.82375000 0.86333333 0.82250000 0.86333333 0.77000000 0.86166667 0.76875000 0.86166667 0.71625000 0.86000000 0.71500000 0.86000000 0.66250000 0.85833333 0.66125000 0.85833333 0.42875000 0.85666667 0.42750000 0.85666667 0.24125000 0.85500000 0.24000000 0.85500000 0.10625000 0.85333333 0.10500000 0.85333333 0.08750000 0.85166667 0.08625000 0.85166667 0.08125000 0.85000000 0.08000000 0.85000000 0.07500000 0.84833333 0.07375000 0.84833333 0.06875000 0.84666667 0.06750000 0.84666667 0.06125000 0.84500000 0.06000000 0.84500000 0.05625000 0.82666667 0.05625000 0.82500000 0.05500000 0.78666667 0.05500000 0.78500000 0.05375000 0.74666667 0.05375000 0.74500000 0.05250000 0.70833333 0.05250000 0.70666667 0.05125000 0.66833333 0.05125000 0.66666667 0.05000000 0.62833333 0.05000000 0.62666667 0.04875000 0.59000000 0.04875000 0.58833333 0.04750000 0.55000000 0.04750000 0.54833333 0.04625000 0.51000000 0.04625000 0.50833333 0.04500000 0.47000000 0.04500000 0.46833333 0.04375000 0.43833333 0.04375000 0.43666667 0.04250000 0.40833333 0.04250000 0.40666667 0.04125000 0.37666667 0.04125000 0.37500000 0.04000000 0.34666667 0.04000000 0.34500000 0.03875000 0.32000000 0.03875000 0.31833333 0.03750000 0.29166667 0.03750000 0.29000000 0.03625000 0.26500000 0.03625000 0.26333333 0.03500000 0.23833333 0.03500000 0.23666667 0.03375000 0.21166667 0.03375000 0.21000000 0.03250000 0.18333333 0.03250000 0.18166667 0.03125000
6 0.48166667 0.47750000 0.48166667 0.51000000 0.52333333 0.51000000 0.52333333 0.47750000
6 0.05166667 0.47500000 0.05166667 0.51000000 0.10000000 0.51000000 0.10000000 0.47500000
6 0.80000000 0.47500000 0.80000000 0.51375000 0.84000000 0.51375000 0.84000000 0.47500000
6 0.87833333 0.47500000 0.87833333 0.51125000 0.92166667 0.51125000 0.92166667 0.47500000
6 0.04666667 0.92250000 0.04666667 0.96875000 0.08833333 0.96875000 0.08833333 0.92250000
6 0.46666667 0.91250000 0.46666667 0.95875000 0.52166667 0.95875000 0.52166667 0.91250000
6 0.80666667 0.90625000 0.80666667 0.94500000 0.84833333 0.94500000 0.84833333 0.90625000
6 0.88833333 0.90750000 0.88833333 0.94750000 0.93500000 0.94750000 0.93500000 0.90750000
6 0.07166667 0.04375000 0.07166667 0.07875000 0.11500000 0.07875000 0.11500000 0.04375000
6 0.40000000 0.04750000 0.40000000 0.09125000 0.45000000 0.09125000 0.45000000 0.04750000
6 0.78666667 0.06500000 0.78666667 0.10250000 0.84500000 0.10250000 0.84500000 0.06500000
6 0.87166667 0.06625000 0.87166667 0.10250000 0.92000000 0.10250000 0.92000000 0.06625000
6 0.94500000 0.01250000 0.94500000 0.04625000 0.98833333 0.04625000 0.98833333 0.01250000
6 0.40166667 0.00000000 0.40166667 0.02625000 0.46000000 0.02625000 0.46000000 0.00000000
6 0.00166667 0.02875000 0.00166667 0.07250000 0.02833333 0.07250000 0.02833333 0.02875000
1 0.12833333 0.36250000 0.12666667 0.36375000 0.12666667 0.36500000 0.12500000 0.36625000 0.12500000 0.36750000 0.12166667 0.37000000 0.12166667 0.37125000 0.12000000 0.37250000 0.12000000 0.37375000 0.11666667 0.37625000 0.11666667 0.37750000 0.11500000 0.37875000 0.11500000 0.38000000 0.11166667 0.38250000 0.11166667 0.38375000 0.11000000 0.38500000 0.11000000 0.42750000 0.10833333 0.42875000 0.10833333 0.57000000 0.10666667 0.57125000 0.10666667 0.70500000 0.10500000 0.70625000 0.10500000 0.82125000 0.10333333 0.82250000 0.10333333 0.88875000 0.10166667 0.89000000 0.10166667 0.90750000 0.10000000 0.90875000 0.10000000 0.92625000 0.09833333 0.92750000 0.09833333 0.93625000 0.10166667 0.93875000 0.10166667 0.94000000 0.10833333 0.94500000 0.10833333 0.94625000 0.11333333 0.95000000 0.11333333 0.95125000 0.11833333 0.95500000 0.11833333 0.95625000 0.12333333 0.96000000 0.12333333 0.96125000 0.12833333 0.96500000 0.14666667 0.96500000 0.14833333 0.96375000 0.17500000 0.96375000 0.17666667 0.96250000 0.20333333 0.96250000 0.20500000 0.96125000 0.23166667 0.96125000 0.23333333 0.96000000 0.26166667 0.96000000 0.26333333 0.95875000 0.29000000 0.95875000 0.29166667 0.95750000 0.31833333 0.95750000 0.32000000 0.95625000 0.34666667 0.95625000 0.34833333 0.95500000 0.37500000 0.95500000 0.37666667 0.95375000 0.40333333 0.95375000 0.40500000 0.95250000 0.42333333 0.95250000 0.42666667 0.95000000 0.42833333 0.95000000 0.45333333 0.93125000 0.45333333 0.86500000 0.45500000 0.86375000 0.45500000 0.39250000 0.45333333 0.39125000 0.45333333 0.38500000 0.45166667 0.38375000 0.45166667 0.37875000 0.45000000 0.37750000 0.45000000 0.37125000 0.44833333 0.37000000 0.44666667 0.37000000 0.44500000 0.36875000 0.44333333 0.36875000 0.44166667 0.36750000 0.43833333 0.36750000 0.43666667 0.36625000 0.43500000 0.36625000 0.43333333 0.36500000 0.43166667 0.36500000 0.43000000 0.36375000 0.17833333 0.36375000 0.17666667 0.36250000
1 0.54333333 0.40750000 0.54333333 0.48250000 0.54166667 0.48375000 0.54166667 0.73500000 0.54000000 0.73625000 0.54000000 0.91500000 0.54166667 0.91625000 0.54166667 0.91750000 0.54333333 0.91875000 0.54333333 0.92000000 0.54500000 0.92125000 0.54500000 0.92250000 0.54666667 0.92375000 0.54666667 0.92500000 0.54833333 0.92625000 0.54833333 0.92750000 0.55000000 0.92875000 0.55000000 0.93000000 0.55166667 0.93125000 0.55166667 0.93250000 0.55333333 0.93375000 0.55333333 0.93500000 0.55500000 0.93625000 0.55500000 0.93750000 0.55666667 0.93875000 0.55666667 0.94000000 0.55833333 0.94125000 0.55833333 0.94250000 0.56000000 0.94375000 0.56000000 0.94500000 0.56166667 0.94625000 0.56333333 0.94625000 0.56500000 0.94750000 0.57000000 0.94750000 0.57166667 0.94875000 0.57666667 0.94875000 0.57833333 0.95000000 0.58333333 0.95000000 0.58500000 0.95125000 0.60000000 0.95125000 0.60166667 0.95000000 0.65000000 0.95000000 0.65166667 0.94875000 0.69833333 0.94875000 0.70000000 0.94750000 0.74833333 0.94750000 0.75000000 0.94625000 0.77333333 0.94625000 0.79000000 0.93375000 0.79000000 0.93250000 0.79666667 0.92750000 0.79666667 0.84000000 0.79500000 0.83875000 0.79500000 0.72125000 0.79333333 0.72000000 0.79333333 0.60250000 0.79166667 0.60125000 0.79166667 0.48250000 0.79000000 0.48125000 0.79000000 0.44250000 0.78833333 0.44125000 0.78833333 0.43625000 0.78666667 0.43500000 0.78666667 0.43000000 0.78500000 0.42875000 0.78500000 0.42625000 0.78333333 0.42500000 0.78333333 0.42375000 0.78166667 0.42250000 0.78166667 0.42000000 0.78000000 0.41875000 0.78000000 0.41750000 0.77833333 0.41625000 0.77833333 0.41375000 0.77666667 0.41250000 0.77666667 0.41125000 0.72333333 0.41125000 0.72166667 0.41000000 0.64500000 0.41000000 0.64333333 0.40875000 0.56666667 0.40875000 0.56500000 0.40750000
1 0.14333333 0.04000000 0.14166667 0.04125000 0.14166667 0.04250000 0.14000000 0.04375000 0.14000000 0.04500000 0.13833333 0.04625000 0.13833333 0.04875000 0.13666667 0.05000000 0.13666667 0.05125000 0.13500000 0.05250000 0.13500000 0.05375000 0.13333333 0.05500000 0.13333333 0.05750000 0.13166667 0.05875000 0.13166667 0.06000000 0.13000000 0.06125000 0.13000000 0.06250000 0.12833333 0.06375000 0.12833333 0.06500000 0.12500000 0.06750000 0.12500000 0.06875000 0.12333333 0.07000000 0.12333333 0.07125000 0.12166667 0.07250000 0.12166667 0.07375000 0.11833333 0.07625000 0.11833333 0.07750000 0.11666667 0.07875000 0.11666667 0.32750000 0.11833333 0.32875000 0.11833333 0.33000000 0.12166667 0.33250000 0.12166667 0.33375000 0.12500000 0.33625000 0.12500000 0.33750000 0.12666667 0.33875000 0.19500000 0.33875000 0.19666667 0.34000000 0.36166667 0.34000000 0.36333333 0.33875000 0.36833333 0.33875000 0.37000000 0.33750000 0.37333333 0.33750000 0.37500000 0.33625000 0.37833333 0.33625000 0.38000000 0.33500000 0.38000000 0.33125000 0.37833333 0.33000000 0.37833333 0.28375000 0.37666667 0.28250000 0.37666667 0.20750000 0.37833333 0.20625000 0.37833333 0.17000000 0.38000000 0.16875000 0.38000000 0.13375000 0.38166667 0.13250000 0.38166667 0.08875000 0.38000000 0.08750000 0.38000000 0.07625000 0.37500000 0.07250000 0.37500000 0.07125000 0.37166667 0.06875000 0.37166667 0.06750000 0.36666667 0.06375000 0.36666667 0.06250000 0.36333333 0.06000000 0.36333333 0.05875000 0.35833333 0.05500000 0.35500000 0.05500000 0.35333333 0.05375000 0.34833333 0.05375000 0.34666667 0.05250000 0.34166667 0.05250000 0.34000000 0.05125000 0.33666667 0.05125000 0.33500000 0.05000000 0.33000000 0.05000000 0.32833333 0.04875000 0.31666667 0.04875000 0.31500000 0.04750000 0.29000000 0.04750000 0.28833333 0.04625000 0.26333333 0.04625000 0.26166667 0.04500000 0.23666667 0.04500000 0.23500000 0.04375000 0.21000000 0.04375000 0.20833333 0.04250000 0.18333333 0.04250000 0.18166667 0.04125000 0.15666667 0.04125000 0.15500000 0.04000000
2 0.49166667 0.03500000 0.49166667 0.03625000 0.49500000 0.03875000 0.49500000 0.04000000 0.48333333 0.04875000 0.48333333 0.05000000 0.47000000 0.06000000 0.47000000 0.06125000 0.46833333 0.06250000 0.46833333 0.06375000 0.46666667 0.06500000 0.46666667 0.06875000 0.46500000 0.07000000 0.46500000 0.07250000 0.46333333 0.07375000 0.46333333 0.07750000 0.46166667 0.07875000 0.46166667 0.08250000 0.46000000 0.08375000 0.46000000 0.08750000 0.45833333 0.08875000 0.45833333 0.18625000 0.45666667 0.18750000 0.45666667 0.32625000 0.45500000 0.32750000 0.45500000 0.34000000 0.46000000 0.34375000 0.46000000 0.34500000 0.47500000 0.35625000 0.47500000 0.35750000 0.48500000 0.36500000 0.53666667 0.36500000 0.53833333 0.36375000 0.61166667 0.36375000 0.61333333 0.36250000 0.68833333 0.36250000 0.69000000 0.36125000 0.76333333 0.36125000 0.76500000 0.36000000 0.77166667 0.36000000 0.77333333 0.35875000 0.77333333 0.35750000 0.77666667 0.35500000 0.77666667 0.35375000 0.77833333 0.35250000 0.77833333 0.35125000 0.78166667 0.34875000 0.78166667 0.34750000 0.78333333 0.34625000 0.78333333 0.34500000 0.78666667 0.34250000 0.78666667 0.34125000 0.78833333 0.34000000 0.78833333 0.33875000 0.79000000 0.33750000 0.79000000 0.33625000 0.79333333 0.33375000 0.79333333 0.33250000 0.79500000 0.33125000 0.79500000 0.33000000 0.79666667 0.32875000 0.79666667 0.28250000 0.79500000 0.28125000 0.79500000 0.18875000 0.79333333 0.18750000 0.79333333 0.09500000 0.79166667 0.09375000 0.79166667 0.06625000 0.79000000 0.06500000 0.78833333 0.06500000 0.77500000 0.05500000 0.77333333 0.05500000 0.76500000 0.04875000 0.75666667 0.04875000 0.75500000 0.04750000 0.73166667 0.04750000 0.73000000 0.04625000 0.70500000 0.04625000 0.70333333 0.04500000 0.68000000 0.04500000 0.67833333 0.04375000 0.65333333 0.04375000 0.65166667 0.04250000 0.62833333 0.04250000 0.62666667 0.04125000 0.60166667 0.04125000 0.60000000 0.04000000 0.57666667 0.04000000 0.57500000 0.03875000 0.55000000 0.03875000 0.54833333 0.03750000 0.52500000 0.03750000 0.52333333 0.03625000 0.49833333 0.03625000 0.49666667 0.03500000
3 0.99000000 0.11000000 0.98833333 0.11125000 0.98166667 0.11125000 0.98000000 0.11250000 0.97333333 0.11250000 0.97166667 0.11375000 0.96500000 0.11375000 0.96333333 0.11500000 0.95666667 0.11500000 0.95500000 0.11625000 0.94833333 0.11625000 0.94666667 0.11750000 0.94000000 0.11750000 0.93833333 0.11875000 0.93833333 0.15125000 0.94000000 0.15250000 0.94000000 0.20000000 0.94166667 0.20125000 0.94166667 0.24875000 0.94333333 0.25000000 0.94333333 0.29875000 0.94500000 0.30000000 0.94500000 0.30375000 0.94666667 0.30500000 0.94833333 0.30500000 0.95000000 0.30625000 0.95166667 0.30625000 0.95333333 0.30750000 0.95500000 0.30750000 0.95666667 0.30875000 0.95833333 0.30875000 0.96000000 0.31000000 0.96166667 0.31000000 0.96333333 0.31125000 0.96500000 0.31125000 0.96666667 0.31250000 0.96833333 0.31250000 0.97000000 0.31375000 0.97166667 0.31375000 0.97333333 0.31500000 0.97666667 0.31500000 0.97833333 0.31375000 0.98500000 0.31375000 0.98666667 0.31250000 0.99333333 0.31250000 0.99500000 0.31125000 0.99666667 0.31125000 0.99666667 0.11000000
3 0.98500000 0.39375000 0.98333333 0.39500000 0.96666667 0.39500000 0.96500000 0.39625000 0.94666667 0.39625000 0.94500000 0.39750000 0.94166667 0.39750000 0.94166667 0.42500000 0.94333333 0.42625000 0.94333333 0.46500000 0.94500000 0.46625000 0.94500000 0.50625000 0.94666667 0.50750000 0.94666667 0.54750000 0.94833333 0.54875000 0.94833333 0.58875000 0.95000000 0.59000000 0.95000000 0.59250000 0.95333333 0.59250000 0.95500000 0.59375000 0.96333333 0.59375000 0.96500000 0.59500000 0.97333333 0.59500000 0.97500000 0.59625000 0.98333333 0.59625000 0.98500000 0.59750000 0.99333333 0.59750000 0.99500000 0.59875000 0.99666667 0.59875000 0.99666667 0.39375000
3 0.95500000 0.68125000 0.95500000 0.69875000 0.95333333 0.70000000 0.95333333 0.76375000 0.95166667 0.76500000 0.95166667 0.82875000 0.95000000 0.83000000 0.95000000 0.88750000 0.95333333 0.88750000 0.95500000 0.88875000 0.95666667 0.88875000 0.95833333 0.89000000 0.96166667 0.89000000 0.96333333 0.89125000 0.96500000 0.89125000 0.96666667 0.89250000 0.97000000 0.89250000 0.97166667 0.89375000 0.97333333 0.89375000 0.97500000 0.89500000 0.97833333 0.89500000 0.98000000 0.89625000 0.98333333 0.89625000 0.98500000 0.89750000 0.98666667 0.89750000 0.98833333 0.89875000 0.99166667 0.89875000 0.99333333 0.90000000 0.99500000 0.90000000 0.99666667 0.90125000 0.99666667 0.84000000 0.99500000 0.83875000 0.99500000 0.71750000 0.99333333 0.71625000 0.99333333 0.68125000
0 0.62333333 0.61500000 0.62333333 0.70375000 0.70000000 0.70375000 0.70000000 0.61500000
0 0.23500000 0.60625000 0.23500000 0.70000000 0.34000000 0.70000000 0.34000000 0.60625000
0 0.37666667 0.50250000 0.37666667 0.85250000 0.41166667 0.85250000 0.41166667 0.50250000
0 0.23333333 0.70750000 0.23333333 0.88625000 0.26666667 0.88625000 0.26666667 0.70750000
0 0.32166667 0.71000000 0.32166667 0.88000000 0.35000000 0.88000000 0.35000000 0.71000000
0 0.16666667 0.73250000 0.16666667 0.88625000 0.21333333 0.88625000 0.21333333 0.73250000
0 0.17666667 0.08125000 0.17666667 0.32750000 0.34333333 0.32750000 0.34333333 0.08125000
0 0.19000000 0.16500000 0.19000000 0.25500000 0.24500000 0.25500000 0.24500000 0.16500000
0 0.27666667 0.16500000 0.27666667 0.32750000 0.31833333 0.32750000 0.31833333 0.16500000
7 0.13333333 0.37000000 0.13333333 0.50125000 0.43500000 0.50125000 0.43500000 0.37000000
0 0.26166667 0.41625000 0.26166667 0.47750000 0.41166667 0.47750000 0.41166667 0.41625000
0 0.30500000 0.47500000 0.30500000 0.50125000 0.39000000 0.50125000 0.39000000 0.47500000
7 0.55166667 0.41500000 0.55166667 0.50250000 0.77833333 0.50250000 0.77833333 0.41500000