8 0.16000000 0.09375000 0.16000000 0.86000000 0.81000000 0.86000000 0.81000000 0.09375000
5 0.23666667 0.12375000 0.23666667 0.35375000 0.43333333 0.35375000 0.43333333 0.12375000
5 0.50666667 0.12625000 0.50666667 0.36875000 0.75000000 0.36875000 0.75000000 0.12625000
5 0.56333333 0.40375000 0.56333333 0.80625000 0.75833333 0.80625000 0.75833333 0.40375000
3 0.87333333 0.16750000 0.87333333 0.32875000 0.93166667 0.32875000 0.93166667 0.16750000
3 0.94666667 0.17250000 0.94666667 0.32500000 0.99833333 0.32500000 0.99833333 0.17250000
3 0.87166667 0.39000000 0.87166667 0.54750000 0.94166667 0.54750000 0.94166667 0.39000000
3 0.94333333 0.39375000 0.94333333 0.54625000 0.99833333 0.54625000 0.99833333 0.39375000
3 0.87666667 0.61250000 0.87666667 0.77500000 0.94166667 0.77500000 0.94166667 0.61250000
3 0.95000000 0.61500000 0.95000000 0.77000000 0.99833333 0.77000000 0.99833333 0.61500000
1 0.22000000 0.37125000 0.22000000 0.83125000 0.50500000 0.83125000 0.50500000 0.37125000
7 0.24666667 0.38000000 0.24666667 0.47875000 0.49000000 0.47875000 0.49000000 0.38000000
0 0.34166667 0.41250000 0.34166667 0.47250000 0.45833333 0.47250000 0.45833333 0.41250000
0 0.33333333 0.56125000 0.33333333 0.62875000 0.41666667 0.62875000 0.41666667 0.56125000
0 0.43833333 0.48375000 0.43833333 0.74750000 0.48166667 0.74750000 0.48166667 0.48375000
0 0.38500000 0.63375000 0.38500000 0.77875000 0.41333333 0.77875000 0.41333333 0.63375000
0 0.32500000 0.63500000 0.32500000 0.78000000 0.35500000 0.78000000 0.35500000 0.63500000
0 0.29500000 0.63250000 0.29500000 0.78250000 0.31333333 0.78250000 0.31333333 0.63250000
0 0.25500000 0.69500000 0.25500000 0.78250000 0.28166667 0.78250000 0.28166667 0.69500000
6 0.18333333 0.10875000 0.18333333 0.13875000 0.21833333 0.13875000 0.21833333 0.10875000
6 0.44500000 0.11125000 0.44500000 0.15250000 0.49333333 0.15250000 0.49333333 0.11125000
6 0.76000000 0.12750000 0.76000000 0.15875000 0.79500000 0.15875000 0.79500000 0.12750000
6 0.76000000 0.45875000 0.76000000 0.49125000 0.80333333 0.49125000 0.80333333 0.45875000
6 0.51166667 0.45375000 0.51166667 0.49250000 0.55500000 0.49250000 0.55500000 0.45375000
6 0.18000000 0.45500000 0.18000000 0.49125000 0.22500000 0.49125000 0.22500000 0.45500000
6 0.11000000 0.45500000 0.11000000 0.49250000 0.15833333 0.49250000 0.15833333 0.45500000
6 0.11000000 0.10375000 0.11000000 0.13750000 0.14833333 0.13750000 0.14833333 0.10375000
6 0.82500000 0.13125000 0.82500000 0.16000000 0.85333333 0.16000000 0.85333333 0.13125000
6 0.87833333 0.08500000 0.87833333 0.11000000 0.91333333 0.11000000 0.91333333 0.08500000
6 0.44666667 0.06750000 0.44666667 0.09250000 0.49500000 0.09250000 0.49500000 0.06750000
6 0.10666667 0.81875000 0.10666667 0.84500000 0.15333333 0.84500000 0.15333333 0.81875000
6 0.18333333 0.81125000 0.18333333 0.84250000 0.22666667 0.84250000 0.22666667 0.81125000
6 0.52333333 0.79625000 0.52333333 0.82250000 0.55500000 0.82250000 0.55500000 0.79625000
6 0.76666667 0.78375000 0.76666667 0.81500000 0.80500000 0.81500000 0.80500000 0.78375000
6 0.82666667 0.78125000 0.82666667 0.81375000 0.86166667 0.81375000 0.86166667 0.78125000
6 0.82000000 0.45250000 0.82000000 0.48750000 0.86333333 0.48750000 0.86333333 0.45250000
2 0.00500000 0.09875000 0.00500000 0.10750000 0.00333333 0.10875000 0.00333333 0.20375000 0.00166667 0.20500000 0.00166667 0.30000000 0.00000000 0.30125000 0.00000000 0.34750000 0.00166667 0.34875000 0.00833333 0.34875000 0.01000000 0.35000000 0.01833333 0.35000000 0.02000000 0.35125000 0.02833333 0.35125000 0.03000000 0.35250000 0.04333333 0.35250000 0.04500000 0.35375000 0.08833333 0.35375000 0.09000000 0.35250000 0.09333333 0.35250000 0.09333333 0.35125000 0.09500000 0.35000000 0.09500000 0.34750000 0.09666667 0.34625000 0.09666667 0.34500000 0.09833333 0.34375000 0.09833333 0.34125000 0.10000000 0.34000000 0.10000000 0.33750000 0.10166667 0.33625000 0.10166667 0.33500000 0.10333333 0.33375000 0.10333333 0.32875000 0.10166667 0.32750000 0.10166667 0.26750000 0.10000000 0.26625000 0.10000000 0.20500000 0.09833333 0.20375000 0.09833333 0.14375000 0.09666667 0.14250000 0.09666667 0.12375000 0.09500000 0.12250000 0.09500000 0.12000000 0.09333333 0.11875000 0.09333333 0.11750000 0.09166667 0.11625000 0.09166667 0.11500000 0.09000000 0.11375000 0.09000000 0.11125000 0.08833333 0.11000000 0.08666667 0.11000000 0.08500000 0.10875000 0.08166667 0.10875000 0.08000000 0.10750000 0.07666667 0.10750000 0.07500000 0.10625000 0.07166667 0.10625000 0.07000000 0.10500000 0.06666667 0.10500000 0.06500000 0.10375000 0.06166667 0.10375000 0.06000000 0.10250000 0.04333333 0.10250000 0.04166667 0.10125000 0.02666667 0.10125000 0.02500000 0.10000000 0.01000000 0.10000000 0.00833333 0.09875000
2 0.01166667 0.39500000 0.01000000 0.39625000 0.00000000 0.39625000 0.00000000 0.83750000 0.00666667 0.83750000 0.00833333 0.83625000 0.02000000 0.83625000 0.02166667 0.83500000 0.03166667 0.83500000 0.03333333 0.83375000 0.04500000 0.83375000 0.04666667 0.83250000 0.05666667 0.83250000 0.05833333 0.83125000 0.07000000 0.83125000 0.07166667 0.83000000 0.08333333 0.83000000 0.08500000 0.82875000 0.09666667 0.82875000 0.09666667 0.82625000 0.09833333 0.82500000 0.09833333 0.81750000 0.10000000 0.81625000 0.10000000 0.80750000 0.10166667 0.80625000 0.10166667 0.75750000 0.10000000 0.75625000 0.10000000 0.41250000 0.09833333 0.41125000 0.09833333 0.40750000 0.09666667 0.40625000 0.09666667 0.40250000 0.09500000 0.40125000 0.09500000 0.39750000 0.08500000 0.39750000 0.08333333 0.39625000 0.07333333 0.39625000 0.07166667 0.39500000