8 0.05375000 0.04166667 0.05375000 0.87166667 0.97125000 0.87166667 0.97125000 0.04166667
6 0.50125000 0.06333333 0.50125000 0.11500000 0.54000000 0.11500000 0.54000000 0.06333333
6 0.06250000 0.05500000 0.06250000 0.11666667 0.10750000 0.11666667 0.10750000 0.05500000
6 0.50375000 0.80333333 0.50375000 0.85500000 0.54750000 0.85500000 0.54750000 0.80333333
6 0.06625000 0.80000000 0.06625000 0.85833333 0.11375000 0.85833333 0.11375000 0.80000000
6 0.49625000 0.38833333 0.49625000 0.44333333 0.54125000 0.44333333 0.54125000 0.38833333
6 0.06750000 0.46000000 0.06750000 0.52666667 0.10375000 0.52666667 0.10375000 0.46000000
6 0.92125000 0.06500000 0.92125000 0.11833333 0.95750000 0.11833333 0.95750000 0.06500000
6 0.92500000 0.39333333 0.92500000 0.45500000 0.96000000 0.45500000 0.96000000 0.39333333
6 0.92875000 0.80500000 0.92875000 0.85166667 0.96125000 0.85166667 0.96125000 0.80500000
6 0.06375000 0.00333333 0.06375000 0.02666667 0.10250000 0.02666667 0.10250000 0.00333333
6 0.49125000 0.00000000 0.49125000 0.03333333 0.54375000 0.03333333 0.54375000 0.00000000
6 0.92375000 0.00333333 0.92375000 0.03666667 0.95250000 0.03666667 0.95250000 0.00333333
2 0.41750000 0.12166667 0.41750000 0.38000000 0.95250000 0.38000000 0.95250000 0.12166667
2 0.07500000 0.12666667 0.07500000 0.44833333 0.39000000 0.44833333 0.39000000 0.12666667
2 0.07500000 0.54166667 0.07500000 0.80333333 0.37000000 0.80333333 0.37000000 0.54166667
2 0.40000000 0.46333333 0.40000000 0.79666667 0.95625000 0.79666667 0.95625000 0.46333333