8 0.09166667 0.01750000 0.07333333 0.03125000 0.07166667 0.03125000 0.06833333 0.03375000 0.06833333 0.09250000 0.06666667 0.09375000 0.06666667 0.15875000 0.06500000 0.16000000 0.06500000 0.22500000 0.06333333 0.22625000 0.06333333 0.29125000 0.06166667 0.29250000 0.06166667 0.35750000 0.06000000 0.35875000 0.06000000 0.41250000 0.06166667 0.41375000 0.06166667 0.53000000 0.06333333 0.53125000 0.06333333 0.64625000 0.06500000 0.64750000 0.06500000 0.76375000 0.06666667 0.76500000 0.06666667 0.88000000 0.06833333 0.88125000 0.06833333 0.96875000 0.07000000 0.97000000 0.07000000 0.97125000 0.07833333 0.97750000 0.07833333 0.97875000 0.08833333 0.98625000 0.09666667 0.98625000 0.09833333 0.98750000 0.10833333 0.98750000 0.11000000 0.98875000 0.11833333 0.98875000 0.12000000 0.99000000 0.17000000 0.99000000 0.17166667 0.98875000 0.23166667 0.98875000 0.23333333 0.98750000 0.29500000 0.98750000 0.29666667 0.98625000 0.35833333 0.98625000 0.36000000 0.98500000 0.42166667 0.98500000 0.42333333 0.98375000 0.48500000 0.98375000 0.48666667 0.98250000 0.54833333 0.98250000 0.55000000 0.98125000 0.58666667 0.98125000 0.58833333 0.98000000 0.61333333 0.98000000 0.61500000 0.97875000 0.64166667 0.97875000 0.64333333 0.97750000 0.66833333 0.97750000 0.67000000 0.97625000 0.69666667 0.97625000 0.69833333 0.97500000 0.72500000 0.97500000 0.72666667 0.97375000 0.75166667 0.97375000 0.75333333 0.97250000 0.78000000 0.97250000 0.78166667 0.97125000 0.80666667 0.97125000 0.80833333 0.97000000 0.82666667 0.97000000 0.82833333 0.96875000 0.84666667 0.96875000 0.84833333 0.96750000 0.86666667 0.96750000 0.86833333 0.96625000 0.88333333 0.96625000 0.88500000 0.96500000 0.89000000 0.96500000 0.89166667 0.96375000 0.89666667 0.96375000 0.89833333 0.96250000 0.90333333 0.96250000 0.90500000 0.96125000 0.90666667 0.96125000 0.91000000 0.95875000 0.91000000 0.95750000 0.91333333 0.95500000 0.91333333 0.95375000 0.91500000 0.95250000 0.91500000 0.95125000 0.91666667 0.95000000 0.91666667 0.94875000 0.91833333 0.94750000 0.91833333 0.94625000 0.92000000 0.94500000 0.92000000 0.94250000 0.92166667 0.94125000 0.92166667 0.94000000 0.92333333 0.93875000 0.92333333 0.93750000 0.92500000 0.93625000 0.92500000 0.92500000 0.92333333 0.92375000 0.92333333 0.91125000 0.92166667 0.91000000 0.92166667 0.86625000 0.92000000 0.86500000 0.92000000 0.80750000 0.91833333 0.80625000 0.91833333 0.68000000 0.91666667 0.67875000 0.91666667 0.54625000 0.91500000 0.54500000 0.91500000 0.41875000 0.91333333 0.41750000 0.91333333 0.36125000 0.91166667 0.36000000 0.91166667 0.30375000 0.91000000 0.30250000 0.91000000 0.24625000 0.90833333 0.24500000 0.90833333 0.18875000 0.90666667 0.18750000 0.90666667 0.13125000 0.90500000 0.13000000 0.90500000 0.08625000 0.90666667 0.08500000 0.90666667 0.08000000 0.90833333 0.07875000 0.90833333 0.07375000 0.91000000 0.07250000 0.91000000 0.06875000 0.91166667 0.06750000 0.91166667 0.06250000 0.91333333 0.06125000 0.91333333 0.05375000 0.90666667 0.04875000 0.90666667 0.04750000 0.90000000 0.04250000 0.90000000 0.04125000 0.89333333 0.03625000 0.89333333 0.03500000 0.88666667 0.03000000 0.88666667 0.02875000 0.88500000 0.02750000 0.87833333 0.02750000 0.87666667 0.02625000 0.86500000 0.02625000 0.86333333 0.02500000 0.82333333 0.02500000 0.82166667 0.02375000 0.75166667 0.02375000 0.75000000 0.02500000 0.67166667 0.02500000 0.67000000 0.02625000 0.53833333 0.02625000 0.53666667 0.02500000 0.35000000 0.02500000 0.34833333 0.02375000 0.23833333 0.02375000 0.23666667 0.02250000 0.20166667 0.02250000 0.20000000 0.02125000 0.16666667 0.02125000 0.16500000 0.02000000 0.13166667 0.02000000 0.13000000 0.01875000 0.09500000 0.01875000 0.09333333 0.01750000
4 0.22666667 0.08375000 0.22500000 0.08500000 0.16000000 0.08500000 0.16000000 0.29750000 0.16500000 0.29750000 0.16666667 0.29625000 0.23500000 0.29625000 0.23500000 0.23250000 0.23333333 0.23125000 0.23333333 0.08375000
4 0.26166667 0.08625000 0.26166667 0.29375000 0.33500000 0.29375000 0.33500000 0.08625000
4 0.35666667 0.08750000 0.35666667 0.29625000 0.43166667 0.29625000 0.43166667 0.08750000
4 0.55166667 0.09125000 0.55166667 0.29000000 0.63000000 0.29000000 0.63000000 0.09125000
4 0.65000000 0.09125000 0.65000000 0.29500000 0.72333333 0.29500000 0.72333333 0.09125000
4 0.74333333 0.09500000 0.74333333 0.29750000 0.82833333 0.29750000 0.82833333 0.09500000
4 0.15000000 0.39000000 0.15000000 0.60375000 0.23500000 0.60375000 0.23500000 0.39000000
4 0.26500000 0.38750000 0.26500000 0.60000000 0.33500000 0.60000000 0.33500000 0.38750000
4 0.36166667 0.38750000 0.36166667 0.60000000 0.43166667 0.60000000 0.43166667 0.38750000
4 0.55500000 0.39375000 0.55500000 0.59375000 0.63000000 0.59375000 0.63000000 0.39375000
4 0.65000000 0.39125000 0.65000000 0.59500000 0.73000000 0.59500000 0.73000000 0.39125000
4 0.74833333 0.38625000 0.74833333 0.59625000 0.82833333 0.59625000 0.82833333 0.38625000
4 0.15666667 0.70625000 0.15666667 0.92000000 0.23500000 0.92000000 0.23500000 0.70625000
4 0.26166667 0.69875000 0.26166667 0.91625000 0.34000000 0.91625000 0.34000000 0.69875000
4 0.36666667 0.69750000 0.36666667 0.91375000 0.43833333 0.91375000 0.43833333 0.69750000
4 0.56166667 0.69750000 0.56166667 0.90875000 0.64166667 0.90875000 0.64166667 0.69750000
4 0.65666667 0.69375000 0.65666667 0.90750000 0.73000000 0.90750000 0.73000000 0.69375000
4 0.75166667 0.69500000 0.75166667 0.90375000 0.83500000 0.90375000 0.83500000 0.69500000
3 0.48833333 0.07000000 0.48666667 0.07125000 0.48000000 0.07125000 0.47833333 0.07250000 0.47333333 0.07250000 0.47166667 0.07375000 0.46666667 0.07375000 0.46166667 0.07750000 0.46000000 0.07750000 0.45500000 0.08125000 0.45500000 0.10750000 0.45333333 0.10875000 0.45333333 0.19500000 0.45166667 0.19625000 0.45166667 0.28250000 0.45000000 0.28375000 0.45000000 0.29125000 0.45166667 0.29125000 0.45333333 0.29250000 0.45500000 0.29250000 0.45666667 0.29375000 0.46000000 0.29375000 0.46166667 0.29500000 0.46333333 0.29500000 0.46500000 0.29625000 0.47666667 0.29625000 0.47833333 0.29750000 0.51333333 0.29750000 0.51500000 0.29625000 0.52500000 0.29625000 0.53500000 0.28875000 0.53500000 0.25625000 0.53333333 0.25500000 0.53333333 0.14250000 0.53166667 0.14125000 0.53166667 0.08500000 0.52666667 0.08125000 0.52666667 0.08000000 0.52500000 0.07875000 0.52333333 0.07875000 0.52166667 0.07750000 0.52000000 0.07750000 0.51833333 0.07625000 0.51666667 0.07625000 0.51500000 0.07500000 0.51333333 0.07500000 0.51166667 0.07375000 0.51000000 0.07375000 0.50833333 0.07250000 0.50666667 0.07250000 0.50500000 0.07125000 0.49166667 0.07125000 0.49000000 0.07000000
3 0.47333333 0.38500000 0.46833333 0.38875000 0.46666667 0.38875000 0.46000000 0.39375000 0.46000000 0.47000000 0.45833333 0.47125000 0.45833333 0.55625000 0.45666667 0.55750000 0.45666667 0.60000000 0.46333333 0.60000000 0.46500000 0.60125000 0.47666667 0.60125000 0.47833333 0.60250000 0.49833333 0.60250000 0.50000000 0.60125000 0.51833333 0.60125000 0.52000000 0.60000000 0.53166667 0.60000000 0.53333333 0.59875000 0.53500000 0.59875000 0.53500000 0.49750000 0.53333333 0.49625000 0.53333333 0.39500000 0.53000000 0.39250000 0.52833333 0.39250000 0.52666667 0.39125000 0.52500000 0.39125000 0.52166667 0.38875000 0.51500000 0.38875000 0.51333333 0.38750000 0.50333333 0.38750000 0.50166667 0.38625000 0.48500000 0.38625000 0.48333333 0.38500000
3 0.50166667 0.69500000 0.50000000 0.69625000 0.48833333 0.69625000 0.48666667 0.69750000 0.47500000 0.69750000 0.47333333 0.69875000 0.46333333 0.69875000 0.46333333 0.74875000 0.46166667 0.75000000 0.46166667 0.82125000 0.46000000 0.82250000 0.46000000 0.89375000 0.45833333 0.89500000 0.45833333 0.91625000 0.46166667 0.91875000 0.46333333 0.91875000 0.47166667 0.92500000 0.47333333 0.92500000 0.47500000 0.92625000 0.47833333 0.92625000 0.48000000 0.92750000 0.48333333 0.92750000 0.48500000 0.92875000 0.48833333 0.92875000 0.49000000 0.93000000 0.49333333 0.93000000 0.49500000 0.93125000 0.50166667 0.93125000 0.50333333 0.93000000 0.50833333 0.93000000 0.51000000 0.92875000 0.51333333 0.92875000 0.51500000 0.92750000 0.52000000 0.92750000 0.52166667 0.92625000 0.52500000 0.92625000 0.52666667 0.92500000 0.53000000 0.92500000 0.53166667 0.92375000 0.53166667 0.92250000 0.53666667 0.91875000 0.53666667 0.91750000 0.54166667 0.91375000 0.54166667 0.91250000 0.54500000 0.91000000 0.54500000 0.89750000 0.54333333 0.89625000 0.54333333 0.85375000 0.54166667 0.85250000 0.54166667 0.81000000 0.54000000 0.80875000 0.54000000 0.76625000 0.53833333 0.76500000 0.53833333 0.72250000 0.53666667 0.72125000 0.53666667 0.70000000 0.53500000 0.70000000 0.53333333 0.69875000 0.53166667 0.69875000 0.53000000 0.69750000 0.52500000 0.69750000 0.52333333 0.69625000 0.51666667 0.69625000 0.51500000 0.69500000
6 0.08333333 0.03000000 0.08333333 0.06750000 0.12833333 0.06750000 0.12833333 0.03000000
6 0.42666667 0.03250000 0.42666667 0.06625000 0.47500000 0.06625000 0.47500000 0.03250000
6 0.84166667 0.04000000 0.84166667 0.07500000 0.89500000 0.07500000 0.89500000 0.04000000
6 0.07833333 0.48375000 0.07833333 0.51875000 0.13000000 0.51875000 0.13000000 0.48375000
6 0.00000000 0.48125000 0.00000000 0.52500000 0.04333333 0.52500000 0.04333333 0.48125000
6 0.85166667 0.47250000 0.85166667 0.51250000 0.90166667 0.51250000 0.90166667 0.47250000
6 0.07833333 0.94000000 0.07833333 0.97875000 0.12833333 0.97875000 0.12833333 0.94000000
6 0.51833333 0.93375000 0.51833333 0.96750000 0.56833333 0.96750000 0.56833333 0.93375000
6 0.85166667 0.91500000 0.85166667 0.96000000 0.91166667 0.96000000 0.91166667 0.91500000
6 0.00000000 0.94375000 0.00000000 0.98500000 0.04333333 0.98500000 0.04333333 0.94375000
6 0.00166667 0.03125000 0.00166667 0.06625000 0.04000000 0.06625000 0.04000000 0.03125000