8 0.83500000 0.04375000 0.83333333 0.04500000 0.80833333 0.04500000 0.80666667 0.04625000 0.73000000 0.04625000 0.72833333 0.04750000 0.20000000 0.04750000 0.19833333 0.04875000 0.14166667 0.04875000 0.14000000 0.05000000 0.13833333 0.05000000 0.13666667 0.05125000 0.13333333 0.05125000 0.13166667 0.05250000 0.12833333 0.05250000 0.12666667 0.05375000 0.12333333 0.05375000 0.12166667 0.05500000 0.12000000 0.05500000 0.11833333 0.05625000 0.11500000 0.05625000 0.11333333 0.05750000 0.11000000 0.05750000 0.10833333 0.05875000 0.10500000 0.05875000 0.10333333 0.06000000 0.10166667 0.06000000 0.10333333 0.06125000 0.10333333 0.07375000 0.10500000 0.07500000 0.10500000 0.08750000 0.10666667 0.08875000 0.10666667 0.10125000 0.10833333 0.10250000 0.10833333 0.11500000 0.11000000 0.11625000 0.11000000 0.12875000 0.11166667 0.13000000 0.11166667 0.14250000 0.11000000 0.14375000 0.11000000 0.26250000 0.10833333 0.26375000 0.10833333 0.38250000 0.10666667 0.38375000 0.10666667 0.50375000 0.10500000 0.50500000 0.10500000 0.62375000 0.10333333 0.62500000 0.10333333 0.74375000 0.10166667 0.74500000 0.10166667 0.86375000 0.10000000 0.86500000 0.10000000 0.92625000 0.10166667 0.92750000 0.10166667 0.92875000 0.10333333 0.93000000 0.10333333 0.93250000 0.10500000 0.93375000 0.10500000 0.93500000 0.10666667 0.93625000 0.10666667 0.93750000 0.10833333 0.93875000 0.10833333 0.94125000 0.11000000 0.94250000 0.11000000 0.94375000 0.11166667 0.94500000 0.11166667 0.94750000 0.11333333 0.94875000 0.11333333 0.95000000 0.11500000 0.95125000 0.11500000 0.95375000 0.11666667 0.95500000 0.11666667 0.95625000 0.11833333 0.95750000 0.11833333 0.95875000 0.12000000 0.96000000 0.12000000 0.96125000 0.12333333 0.96375000 0.12500000 0.96375000 0.12833333 0.96625000 0.13000000 0.96625000 0.13500000 0.97000000 0.13666667 0.97000000 0.14000000 0.97250000 0.14166667 0.97250000 0.14666667 0.97625000 0.14833333 0.97625000 0.15000000 0.97750000 0.17333333 0.97750000 0.17500000 0.97625000 0.20666667 0.97625000 0.20833333 0.97500000 0.24166667 0.97500000 0.24333333 0.97375000 0.27666667 0.97375000 0.27833333 0.97250000 0.31000000 0.97250000 0.31166667 0.97125000 0.34500000 0.97125000 0.34666667 0.97000000 0.37833333 0.97000000 0.38000000 0.96875000 0.41333333 0.96875000 0.41500000 0.96750000 0.44666667 0.96750000 0.44833333 0.96625000 0.48166667 0.96625000 0.48333333 0.96500000 0.51666667 0.96500000 0.51833333 0.96375000 0.55000000 0.96375000 0.55166667 0.96250000 0.58500000 0.96250000 0.58666667 0.96125000 0.61833333 0.96125000 0.62000000 0.96000000 0.65333333 0.96000000 0.65500000 0.95875000 0.68666667 0.95875000 0.68833333 0.95750000 0.72166667 0.95750000 0.72333333 0.95625000 0.75500000 0.95625000 0.75666667 0.95500000 0.79000000 0.95500000 0.79166667 0.95375000 0.82500000 0.95375000 0.82666667 0.95250000 0.85833333 0.95250000 0.86000000 0.95125000 0.88333333 0.95125000 0.88500000 0.95000000 0.88666667 0.95000000 0.88833333 0.94875000 0.89166667 0.94875000 0.89333333 0.94750000 0.89500000 0.94750000 0.89666667 0.94625000 0.89833333 0.94625000 0.90000000 0.94500000 0.90333333 0.94500000 0.90500000 0.94375000 0.90666667 0.94375000 0.90833333 0.94250000 0.91000000 0.94250000 0.91166667 0.94125000 0.91333333 0.94125000 0.91500000 0.94000000 0.91833333 0.94000000 0.92000000 0.93875000 0.92166667 0.93875000 0.92333333 0.93750000 0.92333333 0.93125000 0.92166667 0.93000000 0.92166667 0.84875000 0.92000000 0.84750000 0.92000000 0.76625000 0.91833333 0.76500000 0.91833333 0.68375000 0.91666667 0.68250000 0.91666667 0.60125000 0.91500000 0.60000000 0.91500000 0.51875000 0.91333333 0.51750000 0.91333333 0.43750000 0.91166667 0.43625000 0.91166667 0.35500000 0.91000000 0.35375000 0.91000000 0.27250000 0.90833333 0.27125000 0.90833333 0.19000000 0.90666667 0.18875000 0.90666667 0.15500000 0.90500000 0.15375000 0.90500000 0.12500000 0.90333333 0.12375000 0.90333333 0.09625000 0.90166667 0.09500000 0.90166667 0.07875000 0.90000000 0.07750000 0.90000000 0.06250000 0.89833333 0.06125000 0.89833333 0.05375000 0.89666667 0.05250000 0.89333333 0.05250000 0.89166667 0.05125000 0.88666667 0.05125000 0.88500000 0.05000000 0.88166667 0.05000000 0.88000000 0.04875000 0.87666667 0.04875000 0.87500000 0.04750000 0.87000000 0.04750000 0.86833333 0.04625000 0.86500000 0.04625000 0.86333333 0.04500000 0.86000000 0.04500000 0.85833333 0.04375000
5 0.17666667 0.07125000 0.17666667 0.34625000 0.42833333 0.34625000 0.42833333 0.07125000
5 0.52000000 0.07500000 0.52000000 0.36625000 0.83500000 0.36625000 0.83500000 0.07500000
5 0.17666667 0.37500000 0.17666667 0.94125000 0.51833333 0.94125000 0.51833333 0.37500000
5 0.59166667 0.40875000 0.59166667 0.93375000 0.85666667 0.93375000 0.85666667 0.40875000
6 0.44666667 0.00250000 0.44666667 0.03000000 0.51166667 0.03000000 0.51166667 0.00250000
6 0.44666667 0.05875000 0.44666667 0.09125000 0.50000000 0.09125000 0.50000000 0.05875000
6 0.11833333 0.06125000 0.11833333 0.09000000 0.17000000 0.09000000 0.17000000 0.06125000
6 0.04333333 0.05250000 0.04333333 0.08875000 0.07833333 0.08875000 0.07833333 0.05250000
6 0.84500000 0.05625000 0.84500000 0.09500000 0.89333333 0.09500000 0.89333333 0.05625000
6 0.91666667 0.06000000 0.91666667 0.09500000 0.98166667 0.09500000 0.98166667 0.06000000
6 0.53166667 0.47750000 0.53166667 0.51375000 0.57000000 0.51375000 0.57000000 0.47750000
6 0.11833333 0.47875000 0.11833333 0.52500000 0.17166667 0.52500000 0.17166667 0.47875000
6 0.03333333 0.47375000 0.03333333 0.51750000 0.08500000 0.51750000 0.08500000 0.47375000
6 0.86000000 0.47750000 0.86000000 0.51500000 0.90500000 0.51500000 0.90500000 0.47750000
6 0.92500000 0.47125000 0.92500000 0.51250000 0.97833333 0.51250000 0.97833333 0.47125000
6 0.52833333 0.91500000 0.52833333 0.95000000 0.58000000 0.95000000 0.58000000 0.91500000
6 0.11500000 0.92250000 0.11500000 0.95500000 0.16833333 0.95500000 0.16833333 0.92250000
6 0.02000000 0.91875000 0.02000000 0.95750000 0.08000000 0.95750000 0.08000000 0.91875000
6 0.86833333 0.90250000 0.86833333 0.94625000 0.91166667 0.94625000 0.91166667 0.90250000
6 0.94333333 0.90500000 0.94333333 0.94750000 0.98666667 0.94750000 0.98666667 0.90500000