8 0.05333333 0.00000000 0.05333333 0.98125000 0.94000000 0.98125000 0.94000000 0.00000000
5 0.53333333 0.01625000 0.53333333 0.32875000 0.86333333 0.32875000 0.86333333 0.01625000
5 0.16333333 0.00625000 0.16333333 0.29875000 0.42333333 0.29875000 0.42333333 0.00625000
5 0.14333333 0.32375000 0.14333333 0.94250000 0.50333333 0.94250000 0.50333333 0.32375000
6 0.06666667 0.44625000 0.06666667 0.48625000 0.13666667 0.48625000 0.13666667 0.44625000
6 0.53000000 0.44750000 0.53000000 0.48625000 0.57833333 0.48625000 0.57833333 0.44750000
6 0.87666667 0.45250000 0.87666667 0.49000000 0.92833333 0.49000000 0.92833333 0.45250000
6 0.96333333 0.45875000 0.96333333 0.49125000 0.99833333 0.49125000 0.99833333 0.45875000
6 0.06333333 0.92250000 0.06333333 0.96875000 0.10666667 0.96875000 0.10666667 0.92250000
6 0.51666667 0.92250000 0.51666667 0.96125000 0.57166667 0.96125000 0.57166667 0.92250000
6 0.88166667 0.91500000 0.88166667 0.95750000 0.91833333 0.95750000 0.91833333 0.91500000
6 0.96000000 0.91875000 0.96000000 0.95875000 0.99833333 0.95875000 0.99833333 0.91875000
6 0.00000000 0.44000000 0.00000000 0.48000000 0.03166667 0.48000000 0.03166667 0.44000000
6 0.88500000 0.00875000 0.88500000 0.03750000 0.94500000 0.03750000 0.94500000 0.00875000
6 0.45333333 0.00000000 0.45333333 0.02000000 0.51000000 0.02000000 0.51000000 0.00000000
1 0.61333333 0.36875000 0.61166667 0.37000000 0.61166667 0.37125000 0.61000000 0.37250000 0.61000000 0.37500000 0.60833333 0.37625000 0.60833333 0.37875000 0.60666667 0.38000000 0.60666667 0.38250000 0.60500000 0.38375000 0.60500000 0.38500000 0.60333333 0.38625000 0.60333333 0.38875000 0.60166667 0.39000000 0.60166667 0.43375000 0.60000000 0.43500000 0.60000000 0.50000000 0.59833333 0.50125000 0.59833333 0.56750000 0.59666667 0.56875000 0.59666667 0.63375000 0.59500000 0.63500000 0.59500000 0.70125000 0.59333333 0.70250000 0.59333333 0.76750000 0.59166667 0.76875000 0.59166667 0.83500000 0.59000000 0.83625000 0.59000000 0.90125000 0.58833333 0.90250000 0.58833333 0.93125000 0.59000000 0.93250000 0.59000000 0.93375000 0.59166667 0.93500000 0.59166667 0.93625000 0.59333333 0.93750000 0.59333333 0.93875000 0.59500000 0.94000000 0.59500000 0.94125000 0.59666667 0.94250000 0.59666667 0.94375000 0.59833333 0.94500000 0.59833333 0.94625000 0.60000000 0.94750000 0.60000000 0.94875000 0.60166667 0.95000000 0.60166667 0.95125000 0.60333333 0.95125000 0.60500000 0.95250000 0.60666667 0.95250000 0.60833333 0.95375000 0.61000000 0.95375000 0.61166667 0.95500000 0.61333333 0.95500000 0.61500000 0.95625000 0.61666667 0.95625000 0.61833333 0.95750000 0.62000000 0.95750000 0.62166667 0.95875000 0.62333333 0.95875000 0.62500000 0.96000000 0.62666667 0.96000000 0.62833333 0.96125000 0.83666667 0.96125000 0.85000000 0.95125000 0.85166667 0.95125000 0.86166667 0.94375000 0.86166667 0.93375000 0.86333333 0.93250000 0.86333333 0.92125000 0.86500000 0.92000000 0.86500000 0.90375000 0.86666667 0.90250000 0.86666667 0.88000000 0.86833333 0.87875000 0.86833333 0.85750000 0.87000000 0.85625000 0.87000000 0.83500000 0.86833333 0.83375000 0.86833333 0.62750000 0.86666667 0.62625000 0.86666667 0.48250000 0.86500000 0.48125000 0.86500000 0.47750000 0.86333333 0.47625000 0.86333333 0.47375000 0.86166667 0.47250000 0.86166667 0.45500000 0.86333333 0.45375000 0.86333333 0.44125000 0.86500000 0.44000000 0.86500000 0.43500000 0.86666667 0.43375000 0.86666667 0.43000000 0.86833333 0.42875000 0.86833333 0.42500000 0.87000000 0.42375000 0.87000000 0.41625000 0.87166667 0.41500000 0.87166667 0.38625000 0.87000000 0.38500000 0.87000000 0.38250000 0.86833333 0.38250000 0.86500000 0.38000000 0.86333333 0.38000000 0.86000000 0.37750000 0.85833333 0.37750000 0.85666667 0.37625000 0.85500000 0.37625000 0.85333333 0.37500000 0.82833333 0.37500000 0.82666667 0.37375000 0.77500000 0.37375000 0.77333333 0.37250000 0.72333333 0.37250000 0.72166667 0.37125000 0.67000000 0.37125000 0.66833333 0.37000000 0.61833333 0.37000000 0.61666667 0.36875000
7 0.66500000 0.37750000 0.66333333 0.37875000 0.65166667 0.37875000 0.65000000 0.38000000 0.63833333 0.38000000 0.63666667 0.38125000 0.62500000 0.38125000 0.62333333 0.38250000 0.62166667 0.38250000 0.62000000 0.38375000 0.62000000 0.38500000 0.61500000 0.38875000 0.61500000 0.41750000 0.61333333 0.41875000 0.61333333 0.46875000 0.61833333 0.47250000 0.62000000 0.47250000 0.62500000 0.47625000 0.67666667 0.47625000 0.67833333 0.47500000 0.74833333 0.47500000 0.75000000 0.47625000 0.78333333 0.47625000 0.78500000 0.47750000 0.82500000 0.47750000 0.82666667 0.47875000 0.83000000 0.47875000 0.83166667 0.47750000 0.84333333 0.47750000 0.84500000 0.47625000 0.84833333 0.47625000 0.84833333 0.47500000 0.85000000 0.47375000 0.85000000 0.47125000 0.85166667 0.47000000 0.85166667 0.46750000 0.85333333 0.46625000 0.85333333 0.46500000 0.85500000 0.46375000 0.85500000 0.45500000 0.85333333 0.45375000 0.85333333 0.43250000 0.85166667 0.43125000 0.85166667 0.42125000 0.85000000 0.42000000 0.85000000 0.41125000 0.84833333 0.41000000 0.84833333 0.40250000 0.84666667 0.40125000 0.84666667 0.39250000 0.84500000 0.39125000 0.84500000 0.38375000 0.84333333 0.38250000 0.84333333 0.38125000 0.81166667 0.38125000 0.81000000 0.38250000 0.76833333 0.38250000 0.76666667 0.38375000 0.75000000 0.38375000 0.74833333 0.38250000 0.73500000 0.38250000 0.73333333 0.38125000 0.72000000 0.38125000 0.71833333 0.38000000 0.70500000 0.38000000 0.70333333 0.37875000 0.69000000 0.37875000 0.68833333 0.37750000
0 0.68666667 0.60625000 0.68666667 0.69250000 0.76666667 0.69250000 0.76666667 0.60625000
6 0.97166667 0.00875000 0.97166667 0.04375000 0.99833333 0.04375000 0.99833333 0.00875000