8 0.08000000 0.05375000 0.08000000 0.98750000 0.92333333 0.98750000 0.92333333 0.05375000
5 0.52000000 0.09875000 0.52000000 0.38125000 0.83833333 0.38125000 0.83833333 0.09875000
5 0.58333333 0.43375000 0.58333333 0.95250000 0.84666667 0.95250000 0.84666667 0.43375000
2 0.31833333 0.06750000 0.31666667 0.06875000 0.18000000 0.06875000 0.17833333 0.07000000 0.17666667 0.07000000 0.17333333 0.07250000 0.17166667 0.07250000 0.17000000 0.07375000 0.16833333 0.07375000 0.16666667 0.07500000 0.16500000 0.07500000 0.16333333 0.07625000 0.16166667 0.07625000 0.15833333 0.07875000 0.15666667 0.07875000 0.15500000 0.08000000 0.15500000 0.08875000 0.15333333 0.09000000 0.15333333 0.18750000 0.15166667 0.18875000 0.15166667 0.28625000 0.15000000 0.28750000 0.15000000 0.33750000 0.15166667 0.33875000 0.15166667 0.34125000 0.15333333 0.34250000 0.15333333 0.34375000 0.15500000 0.34500000 0.15500000 0.34750000 0.15666667 0.34875000 0.15666667 0.35000000 0.15833333 0.35125000 0.15833333 0.35375000 0.16000000 0.35500000 0.16000000 0.35625000 0.16166667 0.35750000 0.16166667 0.36000000 0.16333333 0.36125000 0.16333333 0.36250000 0.16833333 0.36250000 0.17000000 0.36125000 0.17833333 0.36125000 0.18000000 0.36000000 0.19000000 0.36000000 0.19166667 0.35875000 0.20000000 0.35875000 0.20166667 0.35750000 0.22500000 0.35750000 0.22666667 0.35875000 0.25166667 0.35875000 0.25333333 0.36000000 0.27666667 0.36000000 0.27833333 0.36125000 0.30166667 0.36125000 0.30333333 0.36250000 0.32666667 0.36250000 0.32833333 0.36375000 0.35166667 0.36375000 0.35333333 0.36500000 0.37666667 0.36500000 0.37833333 0.36625000 0.40000000 0.36625000 0.40166667 0.36750000 0.41666667 0.36750000 0.41666667 0.29500000 0.41833333 0.29375000 0.41833333 0.19000000 0.42000000 0.18875000 0.42000000 0.09500000 0.41833333 0.09375000 0.41833333 0.09250000 0.40833333 0.08500000 0.40833333 0.08375000 0.39833333 0.07625000 0.39666667 0.07625000 0.38833333 0.07000000 0.38666667 0.07000000 0.38333333 0.06750000
2 0.38666667 0.39000000 0.38500000 0.39125000 0.28166667 0.39125000 0.28000000 0.39250000 0.17666667 0.39250000 0.16833333 0.39875000 0.16666667 0.39875000 0.16166667 0.40250000 0.16166667 0.42250000 0.16333333 0.42375000 0.16333333 0.71375000 0.16500000 0.71500000 0.16500000 0.94000000 0.16666667 0.94125000 0.16666667 0.95000000 0.16833333 0.95125000 0.16833333 0.96000000 0.17166667 0.96250000 0.17333333 0.96250000 0.17833333 0.96625000 0.18000000 0.96625000 0.18333333 0.96875000 0.18500000 0.96875000 0.18666667 0.97000000 0.19000000 0.97000000 0.19166667 0.97125000 0.19666667 0.97125000 0.19833333 0.97250000 0.20333333 0.97250000 0.20500000 0.97375000 0.23000000 0.97375000 0.23166667 0.97250000 0.46500000 0.97250000 0.46666667 0.97125000 0.47000000 0.97125000 0.47166667 0.97000000 0.47333333 0.97000000 0.47500000 0.96875000 0.47833333 0.96875000 0.48000000 0.96750000 0.48166667 0.96750000 0.48333333 0.96625000 0.48666667 0.96625000 0.48833333 0.96500000 0.49000000 0.96500000 0.49166667 0.96375000 0.49500000 0.96375000 0.49666667 0.96250000 0.49833333 0.96250000 0.50000000 0.96125000 0.50000000 0.96000000 0.50166667 0.95875000 0.50166667 0.95625000 0.50333333 0.95500000 0.50333333 0.95250000 0.50500000 0.95125000 0.50500000 0.94875000 0.50666667 0.94750000 0.50666667 0.94500000 0.50833333 0.94375000 0.50833333 0.90875000 0.50666667 0.90750000 0.50666667 0.79000000 0.50500000 0.78875000 0.50500000 0.67125000 0.50333333 0.67000000 0.50333333 0.55375000 0.50166667 0.55250000 0.50166667 0.41625000 0.49833333 0.41375000 0.49833333 0.41250000 0.49666667 0.41125000 0.49666667 0.41000000 0.49333333 0.40750000 0.49333333 0.40625000 0.49000000 0.40375000 0.49000000 0.40250000 0.48666667 0.40000000 0.48666667 0.39875000 0.48333333 0.39625000 0.48166667 0.39625000 0.48000000 0.39500000 0.47666667 0.39500000 0.47500000 0.39375000 0.47333333 0.39375000 0.47166667 0.39250000 0.46833333 0.39250000 0.46666667 0.39125000 0.46500000 0.39125000 0.46333333 0.39000000
6 0.43833333 0.07500000 0.43833333 0.10750000 0.48666667 0.10750000 0.48666667 0.07500000
6 0.85500000 0.06875000 0.85500000 0.10500000 0.89500000 0.10500000 0.89500000 0.06875000
6 0.93833333 0.07125000 0.93833333 0.10875000 0.98333333 0.10875000 0.98333333 0.07125000
6 0.11333333 0.07375000 0.11333333 0.11000000 0.14833333 0.11000000 0.14833333 0.07375000
6 0.10833333 0.50875000 0.10833333 0.54125000 0.15333333 0.54125000 0.15333333 0.50875000
6 0.52166667 0.50000000 0.52166667 0.54000000 0.57000000 0.54000000 0.57000000 0.50000000
6 0.85166667 0.49000000 0.85166667 0.54500000 0.90500000 0.54500000 0.90500000 0.49000000
6 0.93666667 0.50250000 0.93666667 0.54375000 0.98833333 0.54375000 0.98833333 0.50250000
6 0.51833333 0.93375000 0.51833333 0.97500000 0.58666667 0.97500000 0.58666667 0.93375000
6 0.11500000 0.93750000 0.11500000 0.97250000 0.16166667 0.97250000 0.16166667 0.93750000
6 0.86000000 0.93375000 0.86000000 0.96625000 0.90666667 0.96625000 0.90666667 0.93375000
6 0.94166667 0.93625000 0.94166667 0.97250000 0.98666667 0.97250000 0.98666667 0.93625000
6 0.69000000 0.01125000 0.69000000 0.04250000 0.74166667 0.04250000 0.74166667 0.01125000
0 0.62833333 0.00250000 0.62833333 0.05125000 0.66833333 0.05125000 0.66833333 0.00250000