8 0.07605820 0.02802579 0.07605820 0.95783730 0.90244709 0.95783730 0.90244709 0.02802579
5 0.17526455 0.06026786 0.17526455 0.33730159 0.41071429 0.33730159 0.41071429 0.06026786
5 0.51917989 0.06522817 0.51917989 0.35714286 0.81878307 0.35714286 0.81878307 0.06522817
5 0.16865079 0.36780754 0.16865079 0.92807540 0.49239418 0.92807540 0.49239418 0.36780754
5 0.58531746 0.40252976 0.58531746 0.91641865 0.82539683 0.91641865 0.82539683 0.40252976
5 0.97321429 0.10739087 0.97321429 0.31919643 0.99503968 0.31919643 0.99503968 0.10739087
5 0.97123016 0.38516865 0.97123016 0.58382937 0.99173280 0.58382937 0.99173280 0.38516865
5 0.98875661 0.67782738 0.98875661 0.88169643 0.99503968 0.88169643 0.99503968 0.67782738
6 0.09689153 0.03993056 0.09689153 0.07812500 0.15079365 0.07812500 0.15079365 0.03993056
6 0.42890212 0.03993056 0.42890212 0.08854167 0.48511905 0.08854167 0.48511905 0.03993056
6 0.83002646 0.05059524 0.83002646 0.08804563 0.88194444 0.08804563 0.88194444 0.05059524
6 0.44312169 0.00272817 0.44312169 0.02132937 0.49173280 0.02132937 0.49173280 0.00272817
6 0.90707672 0.05059524 0.90707672 0.08680556 0.95601852 0.08680556 0.95601852 0.05059524
6 0.02083333 0.03918651 0.02083333 0.07093254 0.07638889 0.07093254 0.07638889 0.03918651
6 0.00992063 0.47147817 0.00992063 0.50917659 0.06679894 0.50917659 0.06679894 0.47147817
6 0.09821429 0.47395833 0.09821429 0.51413690 0.14847884 0.51413690 0.14847884 0.47395833
6 0.51488095 0.47222222 0.51488095 0.50744048 0.56216931 0.50744048 0.56216931 0.47222222
6 0.83664021 0.47073413 0.83664021 0.50347222 0.88326720 0.50347222 0.88326720 0.47073413
6 0.92162698 0.47321429 0.92162698 0.50793651 0.96130952 0.50793651 0.96130952 0.47321429
6 0.83895503 0.89558532 0.83895503 0.93303571 0.88690476 0.93303571 0.88690476 0.89558532
6 0.92361111 0.89558532 0.92361111 0.92757937 0.96726190 0.92757937 0.96726190 0.89558532
6 0.51686508 0.90376984 0.51686508 0.93750000 0.56746032 0.93750000 0.56746032 0.90376984
6 0.09821429 0.91617063 0.09821429 0.95213294 0.14914021 0.95213294 0.14914021 0.91617063
6 0.00661376 0.91121032 0.00661376 0.94419643 0.06316138 0.94419643 0.06316138 0.91121032