8 0.02314815 0.00000000 0.02314815 0.97916667 0.90906085 0.97916667 0.90906085 0.00000000
2 0.47949735 0.02306548 0.47949735 0.36557540 0.82969577 0.36557540 0.82969577 0.02306548
2 0.08928571 0.00322421 0.08928571 0.32911706 0.37566138 0.32911706 0.37566138 0.00322421
2 0.09259259 0.35292659 0.09259259 0.96602183 0.45039683 0.96602183 0.45039683 0.35292659
2 0.53902116 0.40252976 0.53902116 0.95783730 0.80555556 0.95783730 0.80555556 0.40252976
6 0.40343915 0.01810516 0.40343915 0.05778770 0.45701058 0.05778770 0.45701058 0.01810516
6 0.04960317 0.00322421 0.04960317 0.03621032 0.09126984 0.03621032 0.09126984 0.00322421
6 0.84986772 0.02058532 0.84986772 0.06274802 0.88921958 0.06274802 0.88921958 0.02058532
6 0.47288360 0.47445437 0.47288360 0.52604167 0.54100529 0.52604167 0.54100529 0.47445437
6 0.82010582 0.47941468 0.82010582 0.52926587 0.87830688 0.52926587 0.87830688 0.47941468
6 0.03968254 0.46701389 0.03968254 0.51264881 0.11541005 0.51264881 0.11541005 0.46701389
6 0.90939153 0.48933532 0.90939153 0.53918651 0.96428571 0.53918651 0.96428571 0.48933532
6 0.92261905 0.03298611 0.92261905 0.07093254 0.99074074 0.07093254 0.99074074 0.03298611
6 0.03637566 0.92584325 0.03637566 0.95610119 0.10648148 0.95610119 0.10648148 0.92584325
6 0.46626984 0.91592262 0.46626984 0.95783730 0.51455026 0.95783730 0.51455026 0.91592262
6 0.81018519 0.92088294 0.81018519 0.95287698 0.84292328 0.95287698 0.84292328 0.92088294
6 0.88955026 0.92088294 0.88955026 0.96279762 0.93121693 0.96279762 0.93121693 0.92088294