8 0.14880952 0.04960317 0.14880952 0.96775794 0.94444444 0.96775794 0.94444444 0.04960317
4 0.23148148 0.11086310 0.23148148 0.30778770 0.29828042 0.30778770 0.29828042 0.11086310
4 0.32407407 0.11334325 0.32407407 0.30629960 0.39087302 0.30629960 0.39087302 0.11334325
4 0.41997354 0.11458333 0.41997354 0.30629960 0.48346561 0.30629960 0.48346561 0.11458333
4 0.50925926 0.11582341 0.50925926 0.30704365 0.57837302 0.30704365 0.57837302 0.11582341
4 0.60515873 0.11334325 0.60515873 0.30530754 0.67328042 0.30530754 0.67328042 0.11334325
4 0.69279101 0.11954365 0.69279101 0.30704365 0.76256614 0.30704365 0.76256614 0.11954365
4 0.78703704 0.11706349 0.78703704 0.31274802 0.85052910 0.31274802 0.85052910 0.11706349
4 0.22817460 0.39732143 0.22817460 0.59573413 0.29497354 0.59573413 0.29497354 0.39732143
4 0.32407407 0.40228175 0.32407407 0.59250992 0.39087302 0.59250992 0.39087302 0.40228175
4 0.41501323 0.39980159 0.41501323 0.59325397 0.48015873 0.59325397 0.48015873 0.39980159
4 0.22156085 0.69370040 0.22156085 0.89756944 0.29298942 0.89756944 0.29298942 0.69370040
4 0.31746032 0.68998016 0.31746032 0.89657738 0.38657407 0.89657738 0.38657407 0.68998016
4 0.41501323 0.68998016 0.41501323 0.89508929 0.48346561 0.89508929 0.48346561 0.68998016
3 0.56679894 0.39161706 0.56646825 0.39186508 0.56316138 0.39186508 0.56283069 0.39211310 0.55952381 0.39211310 0.55919312 0.39236111 0.55588624 0.39236111 0.55555556 0.39260913 0.55224868 0.39260913 0.55191799 0.39285714 0.54861111 0.39285714 0.54828042 0.39310516 0.54497354 0.39310516 0.54464286 0.39335317 0.54133598 0.39335317 0.54100529 0.39360119 0.53769841 0.39360119 0.53736772 0.39384921 0.53406085 0.39384921 0.53373016 0.39409722 0.53141534 0.39409722 0.53108466 0.39434524 0.52943122 0.39434524 0.52910053 0.39459325 0.52744709 0.39459325 0.52711640 0.39484127 0.52546296 0.39484127 0.52513228 0.39508929 0.52347884 0.39508929 0.52314815 0.39533730 0.52149471 0.39533730 0.52116402 0.39558532 0.51951058 0.39558532 0.51917989 0.39583333 0.51752646 0.39583333 0.51719577 0.39608135 0.51554233 0.39608135 0.51521164 0.39632937 0.51355820 0.39632937 0.51322751 0.39657738 0.51157407 0.39657738 0.51124339 0.39682540 0.50958995 0.39682540 0.50925926 0.39707341 0.50760582 0.39707341 0.50760582 0.40550595 0.50727513 0.40575397 0.50727513 0.42286706 0.50694444 0.42311508 0.50694444 0.44022817 0.50661376 0.44047619 0.50661376 0.45734127 0.50628307 0.45758929 0.50628307 0.47470238 0.50595238 0.47495040 0.50595238 0.49206349 0.50562169 0.49231151 0.50562169 0.50917659 0.50529101 0.50942460 0.50529101 0.52653770 0.50496032 0.52678571 0.50496032 0.54365079 0.50462963 0.54389881 0.50462963 0.56101190 0.50429894 0.56125992 0.50429894 0.57837302 0.50396825 0.57862103 0.50396825 0.59548611 0.50363757 0.59573413 0.50363757 0.59722222 0.50396825 0.59747024 0.50529101 0.59747024 0.50562169 0.59771825 0.50727513 0.59771825 0.50760582 0.59796627 0.50892857 0.59796627 0.50925926 0.59821429 0.51058201 0.59821429 0.51091270 0.59846230 0.51256614 0.59846230 0.51289683 0.59871032 0.51421958 0.59871032 0.51455026 0.59895833 0.51587302 0.59895833 0.51620370 0.59920635 0.51785714 0.59920635 0.51818783 0.59945437 0.51951058 0.59945437 0.51984127 0.59970238 0.52149471 0.59970238 0.52182540 0.59995040 0.52480159 0.59995040 0.52513228 0.60019841 0.52843915 0.60019841 0.52876984 0.60044643 0.53207672 0.60044643 0.53240741 0.60069444 0.53538360 0.60069444 0.53571429 0.60094246 0.53902116 0.60094246 0.53935185 0.60119048 0.54265873 0.60119048 0.54298942 0.60143849 0.54629630 0.60143849 0.54662698 0.60168651 0.54960317 0.60168651 0.54993386 0.60193452 0.55324074 0.60193452 0.55357143 0.60218254 0.55687831 0.60218254 0.55720899 0.60193452 0.55787037 0.60193452 0.55820106 0.60168651 0.55853175 0.60168651 0.55886243 0.60143849 0.55919312 0.60143849 0.55952381 0.60119048 0.55985450 0.60119048 0.56018519 0.60094246 0.56051587 0.60094246 0.56084656 0.60069444 0.56150794 0.60069444 0.56183862 0.60044643 0.56216931 0.60044643 0.56250000 0.60019841 0.56283069 0.60019841 0.56316138 0.59995040 0.56349206 0.59995040 0.56382275 0.59970238 0.56415344 0.59970238 0.56448413 0.59945437 0.56514550 0.59945437 0.56547619 0.59920635 0.56580688 0.59920635 0.56613757 0.59895833 0.56646825 0.59895833 0.56679894 0.59871032 0.56712963 0.59871032 0.56746032 0.59846230 0.56812169 0.59846230 0.56845238 0.59821429 0.56878307 0.59821429 0.56911376 0.59796627 0.56944444 0.59796627 0.56977513 0.59771825 0.57010582 0.59771825 0.57043651 0.59747024 0.57076720 0.59747024 0.57109788 0.59722222 0.57175926 0.59722222 0.57208995 0.59697421 0.57242063 0.59697421 0.57275132 0.59672619 0.57308201 0.59672619 0.57341270 0.59647817 0.57374339 0.59647817 0.57407407 0.59623016 0.57473545 0.59623016 0.57506614 0.59598214 0.57539683 0.59598214 0.57572751 0.59573413 0.57605820 0.59573413 0.57638889 0.59548611 0.57671958 0.59548611 0.57705026 0.59523810 0.57738095 0.59523810 0.57771164 0.59499008 0.57837302 0.59499008 0.57837302 0.58779762 0.57870370 0.58754960 0.57870370 0.57341270 0.57903439 0.57316468 0.57903439 0.55902778 0.57936508 0.55877976 0.57936508 0.54439484 0.57969577 0.54414683 0.57969577 0.53000992 0.58002646 0.52976190 0.58002646 0.51562500 0.58035714 0.51537698 0.58035714 0.50124008 0.58068783 0.50099206 0.58068783 0.48685516 0.58101852 0.48660714 0.58101852 0.47222222 0.58134921 0.47197421 0.58134921 0.45783730 0.58167989 0.45758929 0.58167989 0.44345238 0.58201058 0.44320437 0.58201058 0.42906746 0.58234127 0.42881944 0.58234127 0.41443452 0.58267196 0.41418651 0.58267196 0.40128968 0.58101852 0.40004960 0.58068783 0.40004960 0.57671958 0.39707341 0.57638889 0.39707341 0.57275132 0.39434524 0.57242063 0.39434524 0.56878307 0.39161706
3 0.63425926 0.39161706 0.63392857 0.39186508 0.63260582 0.39186508 0.63227513 0.39211310 0.63128307 0.39211310 0.63095238 0.39236111 0.62962963 0.39236111 0.62929894 0.39260913 0.62830688 0.39260913 0.62797619 0.39285714 0.62665344 0.39285714 0.62632275 0.39310516 0.62533069 0.39310516 0.62500000 0.39335317 0.62367725 0.39335317 0.62334656 0.39360119 0.62235450 0.39360119 0.62202381 0.39384921 0.62103175 0.39384921 0.62070106 0.39409722 0.61937831 0.39409722 0.61904762 0.39434524 0.61805556 0.39434524 0.61772487 0.39459325 0.61640212 0.39459325 0.61607143 0.39484127 0.61507937 0.39484127 0.61474868 0.39508929 0.61342593 0.39508929 0.61309524 0.39533730 0.61210317 0.39533730 0.61177249 0.39558532 0.61044974 0.39558532 0.61011905 0.39583333 0.60912698 0.39583333 0.60879630 0.39608135 0.60747354 0.39608135 0.60714286 0.39632937 0.60615079 0.39632937 0.60582011 0.39657738 0.60482804 0.39657738 0.60449735 0.39682540 0.60317460 0.39682540 0.60284392 0.39707341 0.60185185 0.39707341 0.60152116 0.39732143 0.60085979 0.39732143 0.60085979 0.40600198 0.60119048 0.40625000 0.60119048 0.41617063 0.60152116 0.41641865 0.60152116 0.42609127 0.60185185 0.42633929 0.60185185 0.43625992 0.60218254 0.43650794 0.60218254 0.44618056 0.60251323 0.44642857 0.60251323 0.45610119 0.60284392 0.45634921 0.60284392 0.46626984 0.60317460 0.46651786 0.60317460 0.47619048 0.60350529 0.47643849 0.60350529 0.48611111 0.60383598 0.48635913 0.60383598 0.49627976 0.60416667 0.49652778 0.60416667 0.50620040 0.60449735 0.50644841 0.60449735 0.51612103 0.60482804 0.51636905 0.60482804 0.52628968 0.60515873 0.52653770 0.60515873 0.53621032 0.60548942 0.53645833 0.60548942 0.54613095 0.60582011 0.54637897 0.60582011 0.55629960 0.60615079 0.55654762 0.60615079 0.56622024 0.60648148 0.56646825 0.60648148 0.57638889 0.60681217 0.57663690 0.60681217 0.58630952 0.60714286 0.58655754 0.60714286 0.59623016 0.60747354 0.59647817 0.60747354 0.59722222 0.60780423 0.59722222 0.60813492 0.59747024 0.61507937 0.59747024 0.61541005 0.59771825 0.62235450 0.59771825 0.62268519 0.59796627 0.62996032 0.59796627 0.63029101 0.59821429 0.63723545 0.59821429 0.63756614 0.59846230 0.64451058 0.59846230 0.64484127 0.59871032 0.65178571 0.59871032 0.65211640 0.59895833 0.65641534 0.59895833 0.65674603 0.59871032 0.65773810 0.59871032 0.65806878 0.59846230 0.65939153 0.59846230 0.65972222 0.59821429 0.66071429 0.59821429 0.66104497 0.59796627 0.66236772 0.59796627 0.66269841 0.59771825 0.66369048 0.59771825 0.66402116 0.59747024 0.66534392 0.59747024 0.66567460 0.59722222 0.66666667 0.59722222 0.66699735 0.59697421 0.66832011 0.59697421 0.66865079 0.59672619 0.66964286 0.59672619 0.66997354 0.59647817 0.67129630 0.59647817 0.67162698 0.59623016 0.67294974 0.59623016 0.67328042 0.59598214 0.67427249 0.59598214 0.67460317 0.59573413 0.67526455 0.59573413 0.67526455 0.54315476 0.67493386 0.54290675 0.67493386 0.48462302 0.67460317 0.48437500 0.67460317 0.42584325 0.67427249 0.42559524 0.67427249 0.39657738 0.67361111 0.39657738 0.67328042 0.39632937 0.67162698 0.39632937 0.67129630 0.39608135 0.66964286 0.39608135 0.66931217 0.39583333 0.66765873 0.39583333 0.66732804 0.39558532 0.66567460 0.39558532 0.66534392 0.39533730 0.66369048 0.39533730 0.66335979 0.39508929 0.66170635 0.39508929 0.66137566 0.39484127 0.65972222 0.39484127 0.65939153 0.39459325 0.65773810 0.39459325 0.65740741 0.39434524 0.65575397 0.39434524 0.65542328 0.39409722 0.65376984 0.39409722 0.65343915 0.39384921 0.65178571 0.39384921 0.65145503 0.39360119 0.64980159 0.39360119 0.64947090 0.39335317 0.64781746 0.39335317 0.64748677 0.39310516 0.64583333 0.39310516 0.64550265 0.39285714 0.64384921 0.39285714 0.64351852 0.39260913 0.64186508 0.39260913 0.64153439 0.39236111 0.63988095 0.39236111 0.63955026 0.39211310 0.63789683 0.39211310 0.63756614 0.39186508 0.63591270 0.39186508 0.63558201 0.39161706
3 0.73313492 0.39409722 0.73280423 0.39434524 0.73115079 0.39434524 0.73082011 0.39459325 0.72883598 0.39459325 0.72850529 0.39484127 0.72685185 0.39484127 0.72652116 0.39508929 0.72486772 0.39508929 0.72453704 0.39533730 0.72288360 0.39533730 0.72255291 0.39558532 0.72089947 0.39558532 0.72056878 0.39583333 0.71891534 0.39583333 0.71858466 0.39608135 0.71660053 0.39608135 0.71626984 0.39632937 0.71461640 0.39632937 0.71428571 0.39657738 0.71263228 0.39657738 0.71230159 0.39682540 0.71064815 0.39682540 0.71031746 0.39707341 0.70866402 0.39707341 0.70833333 0.39732143 0.70667989 0.39732143 0.70634921 0.39756944 0.70436508 0.39756944 0.70403439 0.39781746 0.70238095 0.39781746 0.70205026 0.39806548 0.70039683 0.39806548 0.70006614 0.39831349 0.69841270 0.39831349 0.69808201 0.39856151 0.69642857 0.39856151 0.69609788 0.39880952 0.69444444 0.39880952 0.69411376 0.39905754 0.69345238 0.39905754 0.69345238 0.40500992 0.69312169 0.40525794 0.69312169 0.46626984 0.69279101 0.46651786 0.69279101 0.52752976 0.69246032 0.52777778 0.69246032 0.58878968 0.69212963 0.58903770 0.69212963 0.59474206 0.69246032 0.59499008 0.69543651 0.59499008 0.69576720 0.59523810 0.69874339 0.59523810 0.69907407 0.59548611 0.70205026 0.59548611 0.70238095 0.59573413 0.70535714 0.59573413 0.70568783 0.59598214 0.70866402 0.59598214 0.70899471 0.59623016 0.71197090 0.59623016 0.71230159 0.59647817 0.71527778 0.59647817 0.71560847 0.59672619 0.71858466 0.59672619 0.71891534 0.59697421 0.72189153 0.59697421 0.72222222 0.59722222 0.72519841 0.59722222 0.72552910 0.59747024 0.72850529 0.59747024 0.72883598 0.59771825 0.73181217 0.59771825 0.73214286 0.59796627 0.73511905 0.59796627 0.73544974 0.59821429 0.73710317 0.59821429 0.73743386 0.59796627 0.74074074 0.59796627 0.74107143 0.59771825 0.74470899 0.59771825 0.74503968 0.59747024 0.74834656 0.59747024 0.74867725 0.59722222 0.75198413 0.59722222 0.75231481 0.59697421 0.75595238 0.59697421 0.75628307 0.59672619 0.75958995 0.59672619 0.75992063 0.59647817 0.76322751 0.59647817 0.76355820 0.59623016 0.76719577 0.59623016 0.76752646 0.59598214 0.77083333 0.59598214 0.77116402 0.59573413 0.77347884 0.59573413 0.77347884 0.56870040 0.77314815 0.56845238 0.77314815 0.51463294 0.77281746 0.51438492 0.77281746 0.46031746 0.77248677 0.46006944 0.77248677 0.41145833 0.77215608 0.41121032 0.77215608 0.41071429 0.77182540 0.41046627 0.77182540 0.40997024 0.77149471 0.40972222 0.77149471 0.40922619 0.77116402 0.40897817 0.77116402 0.40848214 0.77083333 0.40823413 0.77083333 0.40773810 0.77050265 0.40749008 0.77050265 0.40724206 0.77017196 0.40699405 0.77017196 0.40649802 0.76984127 0.40625000 0.76984127 0.40575397 0.76951058 0.40550595 0.76951058 0.40500992 0.76917989 0.40476190 0.76917989 0.40426587 0.76884921 0.40401786 0.76884921 0.40352183 0.76851852 0.40327381 0.76851852 0.40302579 0.76818783 0.40277778 0.76818783 0.40228175 0.76785714 0.40203373 0.76785714 0.40153770 0.76752646 0.40128968 0.76752646 0.40079365 0.76719577 0.40054563 0.76719577 0.40004960 0.76686508 0.39980159 0.76686508 0.39930556 0.76653439 0.39905754 0.76653439 0.39856151 0.76620370 0.39831349 0.76620370 0.39806548 0.76587302 0.39781746 0.76587302 0.39732143 0.76455026 0.39732143 0.76421958 0.39707341 0.76190476 0.39707341 0.76157407 0.39682540 0.75958995 0.39682540 0.75925926 0.39657738 0.75727513 0.39657738 0.75694444 0.39632937 0.75462963 0.39632937 0.75429894 0.39608135 0.75231481 0.39608135 0.75198413 0.39583333 0.75000000 0.39583333 0.74966931 0.39558532 0.74735450 0.39558532 0.74702381 0.39533730 0.74503968 0.39533730 0.74470899 0.39508929 0.74272487 0.39508929 0.74239418 0.39484127 0.74007937 0.39484127 0.73974868 0.39459325 0.73776455 0.39459325 0.73743386 0.39434524 0.73544974 0.39434524 0.73511905 0.39409722
3 0.81448413 0.39335317 0.81415344 0.39360119 0.81150794 0.39360119 0.81117725 0.39384921 0.80886243 0.39384921 0.80853175 0.39409722 0.80621693 0.39409722 0.80588624 0.39434524 0.80357143 0.39434524 0.80324074 0.39459325 0.80092593 0.39459325 0.80059524 0.39484127 0.79794974 0.39484127 0.79761905 0.39508929 0.79530423 0.39508929 0.79497354 0.39533730 0.79265873 0.39533730 0.79232804 0.39558532 0.79001323 0.39558532 0.78968254 0.39583333 0.78736772 0.39583333 0.78703704 0.39608135 0.78703704 0.40178571 0.78670635 0.40203373 0.78670635 0.41369048 0.78637566 0.41393849 0.78637566 0.42559524 0.78604497 0.42584325 0.78604497 0.43774802 0.78571429 0.43799603 0.78571429 0.44965278 0.78538360 0.44990079 0.78538360 0.46155754 0.78505291 0.46180556 0.78505291 0.47371032 0.78472222 0.47395833 0.78472222 0.48561508 0.78439153 0.48586310 0.78439153 0.49776786 0.78406085 0.49801587 0.78406085 0.50967262 0.78373016 0.50992063 0.78373016 0.52157738 0.78339947 0.52182540 0.78339947 0.53373016 0.78306878 0.53397817 0.78306878 0.54563492 0.78273810 0.54588294 0.78273810 0.55753968 0.78240741 0.55778770 0.78240741 0.56969246 0.78207672 0.56994048 0.78207672 0.58159722 0.78174603 0.58184524 0.78174603 0.59350198 0.78141534 0.59375000 0.78141534 0.59474206 0.78174603 0.59499008 0.78373016 0.59499008 0.78406085 0.59523810 0.78604497 0.59523810 0.78637566 0.59548611 0.78802910 0.59548611 0.78835979 0.59573413 0.79034392 0.59573413 0.79067460 0.59598214 0.79265873 0.59598214 0.79298942 0.59623016 0.79464286 0.59623016 0.79497354 0.59647817 0.79695767 0.59647817 0.79728836 0.59672619 0.79927249 0.59672619 0.79960317 0.59697421 0.80158730 0.59697421 0.80191799 0.59722222 0.80357143 0.59722222 0.80390212 0.59747024 0.80588624 0.59747024 0.80621693 0.59771825 0.80820106 0.59771825 0.80853175 0.59796627 0.81018519 0.59796627 0.81051587 0.59821429 0.81250000 0.59821429 0.81283069 0.59846230 0.81415344 0.59846230 0.81448413 0.59871032 0.81613757 0.59871032 0.81646825 0.59895833 0.81812169 0.59895833 0.81845238 0.59920635 0.82010582 0.59920635 0.82043651 0.59945437 0.82208995 0.59945437 0.82242063 0.59970238 0.82407407 0.59970238 0.82440476 0.59995040 0.82572751 0.59995040 0.82605820 0.60019841 0.82771164 0.60019841 0.82804233 0.60044643 0.82969577 0.60044643 0.83002646 0.60069444 0.83167989 0.60069444 0.83201058 0.60094246 0.83366402 0.60094246 0.83399471 0.60119048 0.83564815 0.60119048 0.83597884 0.60143849 0.83730159 0.60143849 0.83763228 0.60168651 0.83928571 0.60168651 0.83961640 0.60193452 0.84126984 0.60193452 0.84160053 0.60218254 0.84325397 0.60218254 0.84358466 0.60243056 0.84523810 0.60243056 0.84556878 0.60267857 0.84722222 0.60267857 0.84755291 0.60292659 0.84887566 0.60292659 0.84920635 0.60317460 0.84986772 0.60317460 0.85019841 0.60292659 0.85085979 0.60292659 0.85119048 0.60267857 0.85185185 0.60267857 0.85218254 0.60243056 0.85284392 0.60243056 0.85317460 0.60218254 0.85383598 0.60218254 0.85416667 0.60193452 0.85482804 0.60193452 0.85515873 0.60168651 0.85582011 0.60168651 0.85615079 0.60143849 0.85681217 0.60143849 0.85714286 0.60119048 0.85780423 0.60119048 0.85813492 0.60094246 0.85879630 0.60094246 0.85912698 0.60069444 0.85978836 0.60069444 0.86011905 0.60044643 0.86078042 0.60044643 0.86111111 0.60019841 0.86177249 0.60019841 0.86210317 0.59995040 0.86276455 0.59995040 0.86309524 0.59970238 0.86375661 0.59970238 0.86408730 0.59945437 0.86474868 0.59945437 0.86507937 0.59920635 0.86574074 0.59920635 0.86607143 0.59895833 0.86673280 0.59895833 0.86706349 0.59871032 0.86772487 0.59871032 0.86805556 0.59846230 0.86871693 0.59846230 0.86904762 0.59821429 0.86937831 0.59821429 0.86937831 0.40054563 0.86904762 0.40054563 0.86838624 0.40004960 0.86805556 0.40004960 0.86772487 0.39980159 0.86739418 0.39980159 0.86673280 0.39930556 0.86640212 0.39930556 0.86607143 0.39905754 0.86574074 0.39905754 0.86507937 0.39856151 0.86474868 0.39856151 0.86441799 0.39831349 0.86408730 0.39831349 0.86342593 0.39781746 0.86309524 0.39781746 0.86276455 0.39756944 0.86243386 0.39756944 0.86177249 0.39707341 0.86144180 0.39707341 0.86111111 0.39682540 0.86078042 0.39682540 0.86011905 0.39632937 0.85978836 0.39632937 0.85945767 0.39608135 0.85912698 0.39608135 0.85846561 0.39558532 0.85813492 0.39558532 0.85780423 0.39533730 0.85747354 0.39533730 0.85681217 0.39484127 0.85648148 0.39484127 0.85615079 0.39459325 0.85582011 0.39459325 0.85515873 0.39409722 0.85482804 0.39409722 0.85449735 0.39384921 0.85416667 0.39384921 0.85350529 0.39335317
3 0.50429894 0.68998016 0.50429894 0.69866071 0.50396825 0.69890873 0.50396825 0.71676587 0.50363757 0.71701389 0.50363757 0.73487103 0.50330688 0.73511905 0.50330688 0.75297619 0.50297619 0.75322421 0.50297619 0.77108135 0.50264550 0.77132937 0.50264550 0.78943452 0.50231481 0.78968254 0.50231481 0.80753968 0.50198413 0.80778770 0.50198413 0.82564484 0.50165344 0.82589286 0.50165344 0.84375000 0.50132275 0.84399802 0.50132275 0.86185516 0.50099206 0.86210317 0.50099206 0.87996032 0.50066138 0.88020833 0.50066138 0.89806548 0.50033069 0.89831349 0.50033069 0.90004960 0.50066138 0.90004960 0.50132275 0.90054563 0.50165344 0.90054563 0.50231481 0.90104167 0.50264550 0.90104167 0.50330688 0.90153770 0.50363757 0.90153770 0.50429894 0.90203373 0.50462963 0.90203373 0.50529101 0.90252976 0.50562169 0.90252976 0.50628307 0.90302579 0.50661376 0.90302579 0.50727513 0.90352183 0.50760582 0.90352183 0.50826720 0.90401786 0.50859788 0.90401786 0.50925926 0.90451389 0.50958995 0.90451389 0.51025132 0.90500992 0.51058201 0.90500992 0.51124339 0.90550595 0.51157407 0.90550595 0.51223545 0.90600198 0.51256614 0.90600198 0.51289683 0.90625000 0.51322751 0.90625000 0.51388889 0.90674603 0.51421958 0.90674603 0.51488095 0.90724206 0.51521164 0.90724206 0.51587302 0.90773810 0.51620370 0.90773810 0.51686508 0.90823413 0.51785714 0.90823413 0.51818783 0.90848214 0.51917989 0.90848214 0.51951058 0.90873016 0.52083333 0.90873016 0.52116402 0.90897817 0.52248677 0.90897817 0.52281746 0.90922619 0.52380952 0.90922619 0.52414021 0.90947421 0.52546296 0.90947421 0.52579365 0.90972222 0.52711640 0.90972222 0.52744709 0.90997024 0.52843915 0.90997024 0.52876984 0.91021825 0.53009259 0.91021825 0.53042328 0.91046627 0.53174603 0.91046627 0.53207672 0.91071429 0.53306878 0.91071429 0.53339947 0.91096230 0.53472222 0.91096230 0.53505291 0.91121032 0.53637566 0.91121032 0.53670635 0.91145833 0.53769841 0.91145833 0.53802910 0.91170635 0.53935185 0.91170635 0.53968254 0.91195437 0.54100529 0.91195437 0.54133598 0.91220238 0.54232804 0.91220238 0.54265873 0.91245040 0.54398148 0.91245040 0.54431217 0.91269841 0.54563492 0.91269841 0.54596561 0.91294643 0.54695767 0.91294643 0.54728836 0.91319444 0.54794974 0.91319444 0.54828042 0.91294643 0.54993386 0.91294643 0.55026455 0.91269841 0.55191799 0.91269841 0.55224868 0.91245040 0.55390212 0.91245040 0.55423280 0.91220238 0.55588624 0.91220238 0.55621693 0.91195437 0.55753968 0.91195437 0.55787037 0.91170635 0.55952381 0.91170635 0.55985450 0.91145833 0.56150794 0.91145833 0.56183862 0.91121032 0.56349206 0.91121032 0.56382275 0.91096230 0.56547619 0.91096230 0.56580688 0.91071429 0.56712963 0.91071429 0.56746032 0.91046627 0.56911376 0.91046627 0.56944444 0.91021825 0.57109788 0.91021825 0.57142857 0.90997024 0.57275132 0.90997024 0.57308201 0.90972222 0.57341270 0.90972222 0.57374339 0.90947421 0.57407407 0.90947421 0.57473545 0.90897817 0.57506614 0.90897817 0.57539683 0.90873016 0.57572751 0.90873016 0.57638889 0.90823413 0.57671958 0.90823413 0.57705026 0.90798611 0.57738095 0.90798611 0.57804233 0.90749008 0.57837302 0.90749008 0.57870370 0.90724206 0.57903439 0.90724206 0.57969577 0.90674603 0.58002646 0.90674603 0.58035714 0.90649802 0.58068783 0.90649802 0.58134921 0.90600198 0.58167989 0.90600198 0.58201058 0.90575397 0.58234127 0.90575397 0.58300265 0.90525794 0.58333333 0.90525794 0.58366402 0.90500992 0.58399471 0.90500992 0.58399471 0.90178571 0.58366402 0.90153770 0.58366402 0.86954365 0.58333333 0.86929563 0.58333333 0.83730159 0.58300265 0.83705357 0.58300265 0.80481151 0.58267196 0.80456349 0.58267196 0.77256944 0.58234127 0.77232143 0.58234127 0.74007937 0.58201058 0.73983135 0.58201058 0.70783730 0.58167989 0.70758929 0.58167989 0.69171627 0.57605820 0.69171627 0.57572751 0.69146825 0.56448413 0.69146825 0.56415344 0.69122024 0.55291005 0.69122024 0.55257937 0.69097222 0.54166667 0.69097222 0.54133598 0.69072421 0.53207672 0.69072421 0.53174603 0.69047619 0.52248677 0.69047619 0.52215608 0.69022817 0.51289683 0.69022817 0.51256614 0.68998016
3 0.66236772 0.68750000 0.66203704 0.68774802 0.65112434 0.68774802 0.65079365 0.68799603 0.63955026 0.68799603 0.63921958 0.68824405 0.62830688 0.68824405 0.62797619 0.68849206 0.62566138 0.68849206 0.62533069 0.68874008 0.62433862 0.68874008 0.62400794 0.68898810 0.62301587 0.68898810 0.62268519 0.68923611 0.62136243 0.68923611 0.62103175 0.68948413 0.62003968 0.68948413 0.61970899 0.68973214 0.61838624 0.68973214 0.61805556 0.68998016 0.61706349 0.68998016 0.61673280 0.69022817 0.61541005 0.69022817 0.61507937 0.69047619 0.61408730 0.69047619 0.61375661 0.69072421 0.61243386 0.69072421 0.61210317 0.69097222 0.61111111 0.69097222 0.61078042 0.69122024 0.60945767 0.69122024 0.60912698 0.69146825 0.60813492 0.69146825 0.60780423 0.69171627 0.60648148 0.69171627 0.60615079 0.69196429 0.60515873 0.69196429 0.60482804 0.69221230 0.60350529 0.69221230 0.60350529 0.70089286 0.60317460 0.70114087 0.60317460 0.71875000 0.60284392 0.71899802 0.60284392 0.73660714 0.60251323 0.73685516 0.60251323 0.75446429 0.60218254 0.75471230 0.60218254 0.77232143 0.60185185 0.77256944 0.60185185 0.79017857 0.60152116 0.79042659 0.60152116 0.80803571 0.60119048 0.80828373 0.60119048 0.82589286 0.60085979 0.82614087 0.60085979 0.84375000 0.60052910 0.84399802 0.60052910 0.86160714 0.60019841 0.86185516 0.60019841 0.87946429 0.59986772 0.87971230 0.59986772 0.89732143 0.59953704 0.89756944 0.59953704 0.89905754 0.60152116 0.90054563 0.60185185 0.90054563 0.60416667 0.90228175 0.60449735 0.90228175 0.60714286 0.90426587 0.60747354 0.90426587 0.60978836 0.90600198 0.61011905 0.90600198 0.61276455 0.90798611 0.61309524 0.90798611 0.61541005 0.90972222 0.61574074 0.90972222 0.61805556 0.91145833 0.62003968 0.91145833 0.62037037 0.91121032 0.62301587 0.91121032 0.62334656 0.91096230 0.62566138 0.91096230 0.62599206 0.91071429 0.62863757 0.91071429 0.62896825 0.91046627 0.63161376 0.91046627 0.63194444 0.91021825 0.63425926 0.91021825 0.63458995 0.90997024 0.63723545 0.90997024 0.63756614 0.90972222 0.64021164 0.90972222 0.64054233 0.90947421 0.64318783 0.90947421 0.64351852 0.90922619 0.64583333 0.90922619 0.64616402 0.90897817 0.64880952 0.90897817 0.64914021 0.90873016 0.65178571 0.90873016 0.65211640 0.90848214 0.65443122 0.90848214 0.65476190 0.90823413 0.65674603 0.90823413 0.65707672 0.90798611 0.65806878 0.90798611 0.65839947 0.90773810 0.65906085 0.90773810 0.65939153 0.90749008 0.66005291 0.90749008 0.66038360 0.90724206 0.66104497 0.90724206 0.66137566 0.90699405 0.66203704 0.90699405 0.66236772 0.90674603 0.66302910 0.90674603 0.66335979 0.90649802 0.66435185 0.90649802 0.66468254 0.90625000 0.66534392 0.90625000 0.66567460 0.90600198 0.66633598 0.90600198 0.66666667 0.90575397 0.66732804 0.90575397 0.66765873 0.90550595 0.66832011 0.90550595 0.66865079 0.90525794 0.66931217 0.90525794 0.66964286 0.90500992 0.67063492 0.90500992 0.67096561 0.90476190 0.67162698 0.90476190 0.67195767 0.90451389 0.67261905 0.90451389 0.67294974 0.90426587 0.67361111 0.90426587 0.67394180 0.90401786 0.67460317 0.90401786 0.67493386 0.90376984 0.67559524 0.90376984 0.67592593 0.90352183 0.67691799 0.90352183 0.67724868 0.90327381 0.67791005 0.90327381 0.67824074 0.90302579 0.67890212 0.90302579 0.67923280 0.90277778 0.67989418 0.90277778 0.68022487 0.90252976 0.68088624 0.90252976 0.68088624 0.89186508 0.68055556 0.89161706 0.68055556 0.87053571 0.68022487 0.87028770 0.68022487 0.84920635 0.67989418 0.84895833 0.67989418 0.82787698 0.67956349 0.82762897 0.67956349 0.80654762 0.67923280 0.80629960 0.67923280 0.78521825 0.67890212 0.78497024 0.67890212 0.76388889 0.67857143 0.76364087 0.67857143 0.74255952 0.67824074 0.74231151 0.67824074 0.72123016 0.67791005 0.72098214 0.67791005 0.69990079 0.67757937 0.69965278 0.67757937 0.68923611 0.67691799 0.68923611 0.67658730 0.68898810 0.67460317 0.68898810 0.67427249 0.68874008 0.67261905 0.68874008 0.67228836 0.68849206 0.67030423 0.68849206 0.66997354 0.68824405 0.66832011 0.68824405 0.66798942 0.68799603 0.66600529 0.68799603 0.66567460 0.68774802 0.66369048 0.68774802 0.66335979 0.68750000
3 0.69973545 0.68526786 0.69973545 0.68576389 0.69940476 0.68601190 0.69940476 0.68650794 0.69907407 0.68675595 0.69907407 0.68700397 0.69874339 0.68725198 0.69642857 0.68725198 0.69609788 0.68750000 0.69642857 0.68774802 0.69642857 0.68799603 0.69675926 0.68824405 0.69675926 0.68874008 0.69708995 0.68898810 0.69708995 0.68948413 0.69742063 0.68973214 0.69742063 0.68998016 0.69775132 0.68998016 0.69775132 0.68923611 0.69808201 0.68898810 0.69808201 0.68849206 0.69841270 0.68824405 0.69841270 0.68774802 0.69874339 0.68750000 0.69874339 0.68725198 0.69907407 0.68700397 0.69940476 0.68700397 0.69973545 0.68725198 0.69973545 0.70659722 0.69940476 0.70684524 0.69940476 0.72643849 0.69907407 0.72668651 0.69907407 0.74627976 0.69874339 0.74652778 0.69874339 0.76612103 0.69841270 0.76636905 0.69841270 0.78621032 0.69808201 0.78645833 0.69808201 0.80605159 0.69775132 0.80629960 0.69775132 0.82589286 0.69742063 0.82614087 0.69742063 0.84573413 0.69708995 0.84598214 0.69708995 0.86557540 0.69675926 0.86582341 0.69675926 0.88368056 0.69708995 0.88392857 0.69708995 0.88417659 0.69742063 0.88442460 0.69742063 0.88467262 0.69808201 0.88516865 0.69808201 0.88541667 0.69841270 0.88566468 0.69841270 0.88591270 0.69907407 0.88640873 0.69907407 0.88665675 0.69940476 0.88690476 0.69940476 0.88715278 0.70006614 0.88764881 0.70006614 0.88789683 0.70039683 0.88814484 0.70039683 0.88839286 0.70105820 0.88888889 0.70105820 0.88913690 0.70138889 0.88938492 0.70138889 0.88963294 0.70205026 0.89012897 0.70205026 0.89037698 0.70238095 0.89062500 0.70238095 0.89087302 0.70304233 0.89136905 0.70304233 0.89161706 0.70337302 0.89186508 0.70337302 0.89211310 0.70403439 0.89260913 0.70403439 0.89285714 0.70436508 0.89310516 0.70436508 0.89335317 0.70502646 0.89384921 0.70502646 0.89409722 0.70535714 0.89434524 0.70535714 0.89459325 0.70601852 0.89508929 0.70601852 0.89533730 0.70634921 0.89558532 0.70634921 0.89583333 0.70701058 0.89632937 0.70701058 0.89657738 0.70734127 0.89682540 0.70734127 0.89707341 0.70800265 0.89756944 0.70800265 0.89781746 0.70833333 0.89806548 0.70833333 0.89831349 0.70899471 0.89880952 0.70899471 0.89905754 0.70932540 0.89930556 0.70932540 0.89955357 0.70998677 0.90004960 0.70998677 0.90029762 0.71031746 0.90054563 0.71031746 0.90079365 0.71097884 0.90128968 0.71097884 0.90153770 0.71130952 0.90178571 0.71130952 0.90203373 0.71197090 0.90252976 0.71197090 0.90277778 0.71230159 0.90302579 0.71230159 0.90327381 0.71296296 0.90376984 0.71296296 0.90401786 0.71329365 0.90401786 0.71362434 0.90426587 0.71461640 0.90426587 0.71494709 0.90451389 0.71593915 0.90451389 0.71626984 0.90476190 0.71726190 0.90476190 0.71759259 0.90500992 0.71858466 0.90500992 0.71891534 0.90525794 0.71990741 0.90525794 0.72023810 0.90550595 0.72123016 0.90550595 0.72156085 0.90575397 0.72255291 0.90575397 0.72288360 0.90600198 0.72387566 0.90600198 0.72420635 0.90625000 0.72519841 0.90625000 0.72552910 0.90649802 0.72652116 0.90649802 0.72685185 0.90674603 0.72784392 0.90674603 0.72817460 0.90699405 0.72916667 0.90699405 0.72949735 0.90724206 0.73048942 0.90724206 0.73082011 0.90749008 0.73181217 0.90749008 0.73214286 0.90773810 0.73313492 0.90773810 0.73346561 0.90798611 0.73445767 0.90798611 0.73478836 0.90823413 0.73578042 0.90823413 0.73611111 0.90848214 0.73710317 0.90848214 0.73743386 0.90873016 0.73842593 0.90873016 0.73875661 0.90897817 0.74041005 0.90897817 0.74074074 0.90873016 0.74206349 0.90873016 0.74239418 0.90848214 0.74371693 0.90848214 0.74404762 0.90823413 0.74503968 0.90823413 0.74537037 0.90798611 0.74669312 0.90798611 0.74702381 0.90773810 0.74834656 0.90773810 0.74867725 0.90749008 0.75000000 0.90749008 0.75033069 0.90724206 0.75165344 0.90724206 0.75198413 0.90699405 0.75297619 0.90699405 0.75330688 0.90674603 0.75462963 0.90674603 0.75496032 0.90649802 0.75628307 0.90649802 0.75661376 0.90625000 0.75793651 0.90625000 0.75826720 0.90600198 0.75958995 0.90600198 0.75992063 0.90575397 0.76124339 0.90575397 0.76157407 0.90550595 0.76256614 0.90550595 0.76289683 0.90525794 0.76421958 0.90525794 0.76455026 0.90500992 0.76587302 0.90500992 0.76587302 0.90476190 0.76653439 0.90426587 0.76653439 0.90401786 0.76686508 0.90376984 0.76686508 0.90352183 0.76752646 0.90302579 0.76752646 0.90277778 0.76818783 0.90228175 0.76818783 0.90203373 0.76884921 0.90153770 0.76884921 0.90128968 0.76951058 0.90079365 0.76951058 0.90054563 0.77017196 0.90004960 0.77017196 0.89980159 0.77083333 0.89930556 0.77083333 0.89905754 0.77116402 0.89880952 0.77116402 0.89856151 0.77182540 0.89806548 0.77182540 0.89781746 0.77248677 0.89732143 0.77248677 0.89707341 0.77314815 0.89657738 0.77314815 0.89632937 0.77380952 0.89583333 0.77380952 0.89558532 0.77447090 0.89508929 0.77447090 0.89484127 0.77480159 0.89459325 0.77480159 0.89434524 0.77546296 0.89384921 0.77546296 0.89360119 0.77612434 0.89310516 0.77612434 0.89285714 0.77678571 0.89236111 0.77678571 0.89211310 0.77744709 0.89161706 0.77744709 0.89136905 0.77777778 0.89112103 0.77777778 0.88219246 0.77744709 0.88194444 0.77744709 0.87202381 0.77711640 0.87177579 0.77711640 0.86210317 0.77678571 0.86185516 0.77678571 0.85218254 0.77645503 0.85193452 0.77645503 0.84226190 0.77612434 0.84201389 0.77612434 0.83234127 0.77579365 0.83209325 0.77579365 0.82217262 0.77546296 0.82192460 0.77546296 0.81225198 0.77513228 0.81200397 0.77513228 0.80233135 0.77480159 0.80208333 0.77480159 0.79241071 0.77447090 0.79216270 0.77447090 0.78249008 0.77414021 0.78224206 0.77414021 0.77232143 0.77380952 0.77207341 0.77380952 0.76240079 0.77347884 0.76215278 0.77347884 0.75248016 0.77314815 0.75223214 0.77314815 0.74255952 0.77281746 0.74231151 0.77281746 0.73263889 0.77248677 0.73239087 0.77248677 0.72247024 0.77215608 0.72222222 0.77215608 0.71254960 0.77182540 0.71230159 0.77182540 0.70262897 0.77149471 0.70238095 0.77149471 0.69270833 0.77116402 0.69246032 0.77116402 0.69171627 0.77083333 0.69146825 0.77050265 0.69146825 0.77017196 0.69122024 0.76984127 0.69122024 0.76951058 0.69097222 0.76917989 0.69097222 0.76884921 0.69072421 0.76851852 0.69072421 0.76818783 0.69047619 0.76785714 0.69047619 0.76752646 0.69022817 0.76686508 0.69022817 0.76653439 0.68998016 0.76620370 0.68998016 0.76587302 0.68973214 0.76554233 0.68973214 0.76521164 0.68948413 0.76488095 0.68948413 0.76455026 0.68923611 0.76421958 0.68923611 0.76388889 0.68898810 0.76355820 0.68898810 0.76322751 0.68874008 0.76256614 0.68874008 0.76223545 0.68849206 0.76190476 0.68849206 0.76157407 0.68824405 0.76124339 0.68824405 0.76091270 0.68799603 0.76058201 0.68799603 0.76025132 0.68774802 0.75992063 0.68774802 0.75958995 0.68750000 0.75925926 0.68750000 0.75892857 0.68725198 0.75826720 0.68725198 0.75793651 0.68700397 0.75760582 0.68700397 0.75727513 0.68675595 0.75132275 0.68675595 0.75099206 0.68650794 0.73974868 0.68650794 0.73941799 0.68625992 0.72817460 0.68625992 0.72784392 0.68601190 0.71428571 0.68601190 0.71395503 0.68625992 0.71064815 0.68625992 0.71031746 0.68650794 0.70701058 0.68650794 0.70667989 0.68675595 0.70370370 0.68675595 0.70337302 0.68700397 0.70006614 0.68700397 0.69973545 0.68675595
3 0.84920635 0.68799603 0.84887566 0.68824405 0.84193122 0.68824405 0.84160053 0.68849206 0.83498677 0.68849206 0.83465608 0.68874008 0.82771164 0.68874008 0.82738095 0.68898810 0.81646825 0.68898810 0.81613757 0.68874008 0.78869048 0.68874008 0.78869048 0.69717262 0.78902116 0.69742063 0.78902116 0.71478175 0.78935185 0.71502976 0.78935185 0.73239087 0.78968254 0.73263889 0.78968254 0.75024802 0.79001323 0.75049603 0.79001323 0.76785714 0.79034392 0.76810516 0.79034392 0.78546627 0.79067460 0.78571429 0.79067460 0.80307540 0.79100529 0.80332341 0.79100529 0.82068452 0.79133598 0.82093254 0.79133598 0.83829365 0.79166667 0.83854167 0.79166667 0.85615079 0.79199735 0.85639881 0.79199735 0.87375992 0.79232804 0.87400794 0.79232804 0.89136905 0.79265873 0.89161706 0.79265873 0.89335317 0.79332011 0.89384921 0.79365079 0.89384921 0.79497354 0.89484127 0.79530423 0.89484127 0.79695767 0.89608135 0.79728836 0.89608135 0.79894180 0.89732143 0.79927249 0.89732143 0.80059524 0.89831349 0.80092593 0.89831349 0.80257937 0.89955357 0.80291005 0.89955357 0.80456349 0.90079365 0.80489418 0.90079365 0.80654762 0.90203373 0.80687831 0.90203373 0.80820106 0.90302579 0.80853175 0.90302579 0.81018519 0.90426587 0.81051587 0.90426587 0.81216931 0.90550595 0.81250000 0.90550595 0.81415344 0.90674603 0.81448413 0.90674603 0.81580688 0.90773810 0.81613757 0.90773810 0.81779101 0.90897817 0.82175926 0.90897817 0.82208995 0.90922619 0.82638889 0.90922619 0.82671958 0.90947421 0.83101852 0.90947421 0.83134921 0.90972222 0.83597884 0.90972222 0.83630952 0.90997024 0.84060847 0.90997024 0.84093915 0.91021825 0.84523810 0.91021825 0.84556878 0.91046627 0.84887566 0.91046627 0.84920635 0.91021825 0.84986772 0.91021825 0.85019841 0.90997024 0.85052910 0.90997024 0.85085979 0.90972222 0.85152116 0.90972222 0.85185185 0.90947421 0.85251323 0.90947421 0.85284392 0.90922619 0.85317460 0.90922619 0.85350529 0.90897817 0.85416667 0.90897817 0.85449735 0.90873016 0.85482804 0.90873016 0.85515873 0.90848214 0.85582011 0.90848214 0.85615079 0.90823413 0.85648148 0.90823413 0.85681217 0.90798611 0.85747354 0.90798611 0.85780423 0.90773810 0.85813492 0.90773810 0.85846561 0.90749008 0.85912698 0.90749008 0.85945767 0.90724206 0.86011905 0.90724206 0.86044974 0.90699405 0.86078042 0.90699405 0.86111111 0.90674603 0.86177249 0.90674603 0.86210317 0.90649802 0.86243386 0.90649802 0.86276455 0.90625000 0.86342593 0.90625000 0.86375661 0.90600198 0.86408730 0.90600198 0.86441799 0.90575397 0.86507937 0.90575397 0.86541005 0.90550595 0.86574074 0.90550595 0.86607143 0.90525794 0.86673280 0.90525794 0.86706349 0.90500992 0.86772487 0.90500992 0.86805556 0.90476190 0.86838624 0.90476190 0.86871693 0.90451389 0.86937831 0.90451389 0.86970899 0.90426587 0.87003968 0.90426587 0.87037037 0.90401786 0.87103175 0.90401786 0.87136243 0.90376984 0.87169312 0.90376984 0.87202381 0.90352183 0.87268519 0.90352183 0.87301587 0.90327381 0.87367725 0.90327381 0.87367725 0.89360119 0.87334656 0.89335317 0.87334656 0.88318452 0.87301587 0.88293651 0.87301587 0.87251984 0.87268519 0.87227183 0.87268519 0.86185516 0.87235450 0.86160714 0.87235450 0.85119048 0.87202381 0.85094246 0.87202381 0.84052579 0.87169312 0.84027778 0.87169312 0.82986111 0.87136243 0.82961310 0.87136243 0.81919643 0.87103175 0.81894841 0.87103175 0.80853175 0.87070106 0.80828373 0.87070106 0.79786706 0.87037037 0.79761905 0.87037037 0.78720238 0.87003968 0.78695437 0.87003968 0.77653770 0.86970899 0.77628968 0.86970899 0.76587302 0.86937831 0.76562500 0.86937831 0.75545635 0.86904762 0.75520833 0.86904762 0.74479167 0.86871693 0.74454365 0.86871693 0.73412698 0.86838624 0.73387897 0.86838624 0.68973214 0.86706349 0.68973214 0.86673280 0.68948413 0.86441799 0.68948413 0.86408730 0.68923611 0.86144180 0.68923611 0.86111111 0.68898810 0.85879630 0.68898810 0.85846561 0.68874008 0.85582011 0.68874008 0.85548942 0.68849206 0.85317460 0.68849206 0.85284392 0.68824405 0.85019841 0.68824405 0.84986772 0.68799603
6 0.16038360 0.05505952 0.16038360 0.09325397 0.20899471 0.09325397 0.20899471 0.05505952
6 0.47784392 0.06125992 0.47784392 0.09995040 0.52777778 0.09995040 0.52777778 0.06125992
6 0.87301587 0.06250000 0.87301587 0.10664683 0.93220899 0.10664683 0.93220899 0.06250000
6 0.22817460 0.00000000 0.22817460 0.04191468 0.30291005 0.04191468 0.30291005 0.00000000
6 0.08432540 0.05629960 0.08432540 0.08928571 0.11640212 0.08928571 0.11640212 0.05629960
6 0.06283069 0.48164683 0.06283069 0.51760913 0.11210317 0.51760913 0.11210317 0.48164683
6 0.15211640 0.48040675 0.15211640 0.51091270 0.19378307 0.51091270 0.19378307 0.48040675
6 0.88293651 0.47916667 0.88293651 0.51835317 0.92989418 0.51835317 0.92989418 0.47916667
6 0.89451058 0.91939484 0.89451058 0.95337302 0.93452381 0.95337302 0.93452381 0.91939484
6 0.56216931 0.91443452 0.56216931 0.94990079 0.60251323 0.94990079 0.60251323 0.91443452
6 0.14384921 0.92187500 0.14384921 0.95163690 0.18915344 0.95163690 0.18915344 0.92187500
6 0.06283069 0.92187500 0.06283069 0.95734127 0.10978836 0.95734127 0.10978836 0.92187500
1 0.00000000 0.05381944 0.00000000 0.37202381 0.06250000 0.37202381 0.06250000 0.05381944
1 0.00000000 0.40848214 0.00000000 0.95585317 0.04828042 0.95585317 0.04828042 0.40848214
7 0.00000000 0.07118056 0.00000000 0.15525794 0.04365079 0.15525794 0.04365079 0.07118056
7 0.00000000 0.41468254 0.00000000 0.51165675 0.03835979 0.51165675 0.03835979 0.41468254
0 0.00000000 0.21254960 0.00000000 0.28422619 0.02380952 0.28422619 0.02380952 0.21254960