8 0.11904762 0.11483135 0.11904762 0.99082341 0.87599206 0.99082341 0.87599206 0.11483135
8 0.00992063 0.11731151 0.00992063 0.99975198 0.10449735 0.99975198 0.10449735 0.11731151
8 0.87632275 0.12723214 0.87632275 0.97767857 0.99966931 0.97767857 0.99966931 0.12723214
6 0.51256614 0.53174603 0.51256614 0.56770833 0.55720899 0.56770833 0.55720899 0.53174603
6 0.03637566 0.53348214 0.03637566 0.56820437 0.07870370 0.56820437 0.07870370 0.53348214
6 0.11805556 0.52777778 0.11805556 0.56870040 0.16534392 0.56870040 0.16534392 0.52777778
6 0.81448413 0.53174603 0.81448413 0.57142857 0.85747354 0.57142857 0.85747354 0.53174603
6 0.88855820 0.53025794 0.88855820 0.56820437 0.94279101 0.56820437 0.94279101 0.53025794
6 0.43981481 0.12996032 0.43981481 0.16294643 0.48875661 0.16294643 0.48875661 0.12996032
6 0.12665344 0.12673611 0.12665344 0.15302579 0.17195767 0.15302579 0.17195767 0.12673611
6 0.05291005 0.12921627 0.05291005 0.15699405 0.09259259 0.15699405 0.09259259 0.12921627
6 0.81448413 0.13839286 0.81448413 0.17187500 0.85912698 0.17187500 0.85912698 0.13839286
6 0.89186508 0.14161706 0.89186508 0.17460317 0.93253968 0.17460317 0.93253968 0.14161706
6 0.50165344 0.94593254 0.50165344 0.97991071 0.55423280 0.97991071 0.55423280 0.94593254
6 0.81250000 0.94022817 0.81250000 0.97222222 0.85482804 0.97222222 0.85482804 0.94022817
6 0.11342593 0.95089286 0.11342593 0.97817460 0.15509259 0.97817460 0.15509259 0.95089286
6 0.02314815 0.95833333 0.02314815 0.99032738 0.07043651 0.99032738 0.07043651 0.95833333
6 0.88955026 0.93353175 0.88955026 0.96453373 0.92824074 0.96453373 0.92824074 0.93353175
1 0.56216931 0.13070437 0.56183862 0.13095238 0.56018519 0.13095238 0.55985450 0.13120040 0.55820106 0.13120040 0.55787037 0.13144841 0.55621693 0.13144841 0.55588624 0.13169643 0.55423280 0.13169643 0.55390212 0.13194444 0.55224868 0.13194444 0.55191799 0.13219246 0.54993386 0.13219246 0.54960317 0.13244048 0.54794974 0.13244048 0.54761905 0.13268849 0.54596561 0.13268849 0.54563492 0.13293651 0.54398148 0.13293651 0.54365079 0.13318452 0.54199735 0.13318452 0.54166667 0.13343254 0.54001323 0.13343254 0.53968254 0.13368056 0.53802910 0.13368056 0.53769841 0.13392857 0.53736772 0.13392857 0.53637566 0.13467262 0.53637566 0.13492063 0.53141534 0.13864087 0.53141534 0.13888889 0.52645503 0.14260913 0.52645503 0.14285714 0.52182540 0.14632937 0.52182540 0.14657738 0.51686508 0.15029762 0.51686508 0.15054563 0.51190476 0.15426587 0.51190476 0.15451389 0.50727513 0.15798611 0.50727513 0.15823413 0.50231481 0.16195437 0.50231481 0.16220238 0.50000000 0.16393849 0.50000000 0.18154762 0.50033069 0.18179563 0.50033069 0.20709325 0.50066138 0.20734127 0.50066138 0.23239087 0.50099206 0.23263889 0.50099206 0.25793651 0.50132275 0.25818452 0.50132275 0.28323413 0.50165344 0.28348214 0.50165344 0.29885913 0.50132275 0.29910714 0.50132275 0.32490079 0.50099206 0.32514881 0.50099206 0.35119048 0.50066138 0.35143849 0.50066138 0.37723214 0.50033069 0.37748016 0.50033069 0.40352183 0.50000000 0.40376984 0.50000000 0.42187500 0.50066138 0.42187500 0.50099206 0.42212302 0.50165344 0.42212302 0.50198413 0.42237103 0.50297619 0.42237103 0.50330688 0.42261905 0.50429894 0.42261905 0.50462963 0.42286706 0.50562169 0.42286706 0.50595238 0.42311508 0.50694444 0.42311508 0.50727513 0.42336310 0.50826720 0.42336310 0.50859788 0.42361111 0.50958995 0.42361111 0.50992063 0.42385913 0.51091270 0.42385913 0.51124339 0.42410714 0.51190476 0.42410714 0.51223545 0.42435516 0.51322751 0.42435516 0.51355820 0.42460317 0.51455026 0.42460317 0.51488095 0.42485119 0.51587302 0.42485119 0.51620370 0.42509921 0.51719577 0.42509921 0.51752646 0.42534722 0.51851852 0.42534722 0.51884921 0.42559524 0.51984127 0.42559524 0.52017196 0.42584325 0.52116402 0.42584325 0.52149471 0.42609127 0.52215608 0.42609127 0.52248677 0.42633929 0.52347884 0.42633929 0.52380952 0.42658730 0.52480159 0.42658730 0.52513228 0.42683532 0.52612434 0.42683532 0.52645503 0.42708333 0.52744709 0.42708333 0.52777778 0.42733135 0.52876984 0.42733135 0.52910053 0.42757937 0.53009259 0.42757937 0.53042328 0.42782738 0.53141534 0.42782738 0.53174603 0.42807540 0.53240741 0.42807540 0.53273810 0.42832341 0.53373016 0.42832341 0.53406085 0.42857143 0.53505291 0.42857143 0.53538360 0.42881944 0.53637566 0.42881944 0.53670635 0.42906746 0.53769841 0.42906746 0.53802910 0.42931548 0.53902116 0.42931548 0.53935185 0.42956349 0.54034392 0.42956349 0.54067460 0.42981151 0.54166667 0.42981151 0.54199735 0.43005952 0.54265873 0.43005952 0.54298942 0.43030754 0.54398148 0.43030754 0.54431217 0.43055556 0.54530423 0.43055556 0.54563492 0.43080357 0.54662698 0.43080357 0.54695767 0.43105159 0.54794974 0.43105159 0.54828042 0.43129960 0.54927249 0.43129960 0.54960317 0.43154762 0.55059524 0.43154762 0.55092593 0.43179563 0.55357143 0.43179563 0.55390212 0.43154762 0.58465608 0.43154762 0.58498677 0.43129960 0.61541005 0.43129960 0.61574074 0.43105159 0.64649471 0.43105159 0.64682540 0.43080357 0.67724868 0.43080357 0.67757937 0.43055556 0.70701058 0.43055556 0.70734127 0.43030754 0.72453704 0.43030754 0.72486772 0.43005952 0.74239418 0.43005952 0.74272487 0.42981151 0.76025132 0.42981151 0.76058201 0.42956349 0.77810847 0.42956349 0.77843915 0.42931548 0.79398148 0.42931548 0.79464286 0.42881944 0.79497354 0.42881944 0.79596561 0.42807540 0.79629630 0.42807540 0.79728836 0.42733135 0.79761905 0.42733135 0.79861111 0.42658730 0.79894180 0.42658730 0.79993386 0.42584325 0.80026455 0.42584325 0.80125661 0.42509921 0.80158730 0.42509921 0.80257937 0.42435516 0.80291005 0.42435516 0.80390212 0.42361111 0.80423280 0.42361111 0.80522487 0.42286706 0.80555556 0.42286706 0.80654762 0.42212302 0.80687831 0.42212302 0.80787037 0.42137897 0.80820106 0.42137897 0.80919312 0.42063492 0.80952381 0.42063492 0.81051587 0.41989087 0.81084656 0.41989087 0.81183862 0.41914683 0.81216931 0.41914683 0.81316138 0.41840278 0.81349206 0.41840278 0.81382275 0.41815476 0.81382275 0.41765873 0.81349206 0.41741071 0.81349206 0.40972222 0.81316138 0.40947421 0.81316138 0.40203373 0.81283069 0.40178571 0.81283069 0.39434524 0.81250000 0.39409722 0.81250000 0.38640873 0.81216931 0.38616071 0.81216931 0.37872024 0.81183862 0.37847222 0.81183862 0.37103175 0.81150794 0.37078373 0.81150794 0.36309524 0.81117725 0.36284722 0.81117725 0.35540675 0.81084656 0.35515873 0.81084656 0.34771825 0.81051587 0.34747024 0.81051587 0.33829365 0.81018519 0.33804563 0.81018519 0.31448413 0.80985450 0.31423611 0.80985450 0.29092262 0.80952381 0.29067460 0.80952381 0.26711310 0.80919312 0.26686508 0.80919312 0.24355159 0.80886243 0.24330357 0.80886243 0.22172619 0.80853175 0.22147817 0.80853175 0.21875000 0.80820106 0.21850198 0.80820106 0.21552579 0.80787037 0.21527778 0.80787037 0.21230159 0.80753968 0.21205357 0.80753968 0.20907738 0.80720899 0.20882937 0.80720899 0.20610119 0.80687831 0.20585317 0.80687831 0.20287698 0.80654762 0.20262897 0.80654762 0.19965278 0.80621693 0.19940476 0.80621693 0.19667659 0.80588624 0.19642857 0.80588624 0.19345238 0.80555556 0.19320437 0.80555556 0.19047619 0.80588624 0.19022817 0.80588624 0.18948413 0.80621693 0.18923611 0.80621693 0.18849206 0.80654762 0.18824405 0.80654762 0.18750000 0.80687831 0.18725198 0.80687831 0.18650794 0.80720899 0.18625992 0.80720899 0.18551587 0.80753968 0.18526786 0.80753968 0.18452381 0.80787037 0.18427579 0.80787037 0.18353175 0.80820106 0.18328373 0.80820106 0.18253968 0.80853175 0.18229167 0.80853175 0.18154762 0.80886243 0.18129960 0.80886243 0.18055556 0.80919312 0.18030754 0.80919312 0.17956349 0.80952381 0.17931548 0.80952381 0.17857143 0.80985450 0.17832341 0.80985450 0.17757937 0.81018519 0.17733135 0.81018519 0.17658730 0.81051587 0.17633929 0.81051587 0.17559524 0.81084656 0.17534722 0.81084656 0.17460317 0.81117725 0.17435516 0.81117725 0.17361111 0.81150794 0.17336310 0.81150794 0.17261905 0.81183862 0.17237103 0.81183862 0.17162698 0.81216931 0.17137897 0.81216931 0.17063492 0.81250000 0.17038690 0.81250000 0.16964286 0.81283069 0.16939484 0.81283069 0.16865079 0.81316138 0.16840278 0.81316138 0.16765873 0.81349206 0.16741071 0.81349206 0.16666667 0.81382275 0.16641865 0.81349206 0.16617063 0.81349206 0.16592262 0.81316138 0.16567460 0.81316138 0.16542659 0.81283069 0.16517857 0.81283069 0.16493056 0.81250000 0.16468254 0.81250000 0.16443452 0.81216931 0.16418651 0.81216931 0.16369048 0.81183862 0.16344246 0.81183862 0.16319444 0.81150794 0.16294643 0.81150794 0.16269841 0.81117725 0.16245040 0.81117725 0.16220238 0.81084656 0.16195437 0.81084656 0.16170635 0.81051587 0.16145833 0.81051587 0.16096230 0.81018519 0.16071429 0.81018519 0.16046627 0.80985450 0.16021825 0.80985450 0.15997024 0.80952381 0.15972222 0.80952381 0.15947421 0.80919312 0.15922619 0.80919312 0.15897817 0.80886243 0.15873016 0.80886243 0.15823413 0.80853175 0.15798611 0.80853175 0.15773810 0.80820106 0.15749008 0.80820106 0.15724206 0.80787037 0.15699405 0.80787037 0.15674603 0.80753968 0.15649802 0.80753968 0.15625000 0.80720899 0.15600198 0.80720899 0.15550595 0.80687831 0.15525794 0.80687831 0.15500992 0.80654762 0.15476190 0.80654762 0.15451389 0.80621693 0.15426587 0.80621693 0.15401786 0.80588624 0.15376984 0.80588624 0.15352183 0.80555556 0.15327381 0.80555556 0.15277778 0.80522487 0.15252976 0.80522487 0.15228175 0.80489418 0.15203373 0.80489418 0.15178571 0.80456349 0.15153770 0.80456349 0.15128968 0.80423280 0.15104167 0.80423280 0.15079365 0.80390212 0.15054563 0.80390212 0.15004960 0.80357143 0.14980159 0.80357143 0.14955357 0.80324074 0.14930556 0.80324074 0.14905754 0.80291005 0.14880952 0.80291005 0.14856151 0.80257937 0.14831349 0.80257937 0.14806548 0.80224868 0.14781746 0.80224868 0.14732143 0.80191799 0.14707341 0.80191799 0.14682540 0.80158730 0.14657738 0.80158730 0.14632937 0.80125661 0.14608135 0.80125661 0.14583333 0.80092593 0.14558532 0.80092593 0.14533730 0.80059524 0.14508929 0.80059524 0.14459325 0.80026455 0.14434524 0.80026455 0.14409722 0.79993386 0.14384921 0.79993386 0.14360119 0.79960317 0.14335317 0.79960317 0.14310516 0.79927249 0.14285714 0.79927249 0.14260913 0.79894180 0.14236111 0.79894180 0.14186508 0.79861111 0.14161706 0.79861111 0.14136905 0.79828042 0.14112103 0.79828042 0.14087302 0.79794974 0.14062500 0.79794974 0.14037698 0.79761905 0.14012897 0.79761905 0.13988095 0.79728836 0.13963294 0.79728836 0.13938492 0.78736772 0.13938492 0.78703704 0.13913690 0.77281746 0.13913690 0.77248677 0.13888889 0.75826720 0.13888889 0.75793651 0.13864087 0.74371693 0.13864087 0.74338624 0.13839286 0.72883598 0.13839286 0.72850529 0.13814484 0.71428571 0.13814484 0.71395503 0.13789683 0.69973545 0.13789683 0.69940476 0.13764881 0.68518519 0.13764881 0.68485450 0.13740079 0.67063492 0.13740079 0.67030423 0.13715278 0.65608466 0.13715278 0.65575397 0.13690476 0.65112434 0.13690476 0.65079365 0.13665675 0.64748677 0.13665675 0.64715608 0.13640873 0.64384921 0.13640873 0.64351852 0.13616071 0.64021164 0.13616071 0.63988095 0.13591270 0.63657407 0.13591270 0.63624339 0.13566468 0.63293651 0.13566468 0.63260582 0.13541667 0.62896825 0.13541667 0.62863757 0.13516865 0.62533069 0.13516865 0.62500000 0.13492063 0.62169312 0.13492063 0.62136243 0.13467262 0.61805556 0.13467262 0.61772487 0.13442460 0.61441799 0.13442460 0.61408730 0.13417659 0.61078042 0.13417659 0.61044974 0.13392857 0.60714286 0.13392857 0.60681217 0.13368056 0.60350529 0.13368056 0.60317460 0.13343254 0.59953704 0.13343254 0.59920635 0.13318452 0.59589947 0.13318452 0.59556878 0.13293651 0.59226190 0.13293651 0.59193122 0.13268849 0.58862434 0.13268849 0.58829365 0.13244048 0.58498677 0.13244048 0.58465608 0.13219246 0.58134921 0.13219246 0.58101852 0.13194444 0.57771164 0.13194444 0.57738095 0.13169643 0.57374339 0.13169643 0.57341270 0.13144841 0.57010582 0.13144841 0.56977513 0.13120040 0.56646825 0.13120040 0.56613757 0.13095238 0.56283069 0.13095238 0.56250000 0.13070437
1 0.20701058 0.12822421 0.20469577 0.12996032 0.20436508 0.12996032 0.20105820 0.13244048 0.20072751 0.13244048 0.19742063 0.13492063 0.19708995 0.13492063 0.19378307 0.13740079 0.19345238 0.13740079 0.19014550 0.13988095 0.18981481 0.13988095 0.18683862 0.14211310 0.18650794 0.14211310 0.18320106 0.14459325 0.18287037 0.14459325 0.17956349 0.14707341 0.17923280 0.14707341 0.17592593 0.14955357 0.17559524 0.14955357 0.17261905 0.15178571 0.17261905 0.15848214 0.17294974 0.15873016 0.17294974 0.18204365 0.17328042 0.18229167 0.17328042 0.20535714 0.17361111 0.20560516 0.17361111 0.22891865 0.17394180 0.22916667 0.17394180 0.25223214 0.17427249 0.25248016 0.17427249 0.27579365 0.17460317 0.27604167 0.17460317 0.29935516 0.17493386 0.29960317 0.17493386 0.32266865 0.17526455 0.32291667 0.17526455 0.34623016 0.17559524 0.34647817 0.17559524 0.36954365 0.17592593 0.36979167 0.17592593 0.38616071 0.17625661 0.38640873 0.17625661 0.38665675 0.17658730 0.38690476 0.17658730 0.38715278 0.17691799 0.38740079 0.17691799 0.38764881 0.17724868 0.38789683 0.17724868 0.38814484 0.17757937 0.38839286 0.17757937 0.38864087 0.17791005 0.38888889 0.17791005 0.38913690 0.17824074 0.38938492 0.17824074 0.38963294 0.17857143 0.38988095 0.17857143 0.39012897 0.17890212 0.39037698 0.17890212 0.39062500 0.17923280 0.39087302 0.17923280 0.39112103 0.17956349 0.39136905 0.17956349 0.39161706 0.17989418 0.39186508 0.17989418 0.39211310 0.18022487 0.39236111 0.18022487 0.39260913 0.18055556 0.39285714 0.18055556 0.39310516 0.18088624 0.39335317 0.18088624 0.39360119 0.18121693 0.39384921 0.18121693 0.39409722 0.18154762 0.39434524 0.18154762 0.39459325 0.18187831 0.39484127 0.18187831 0.39508929 0.18220899 0.39533730 0.18220899 0.39558532 0.18253968 0.39583333 0.18253968 0.39608135 0.18287037 0.39632937 0.18287037 0.39657738 0.18320106 0.39682540 0.18320106 0.39707341 0.18353175 0.39732143 0.18353175 0.39756944 0.18386243 0.39781746 0.18386243 0.39806548 0.18419312 0.39831349 0.18419312 0.39856151 0.18452381 0.39880952 0.18452381 0.39905754 0.18485450 0.39930556 0.18485450 0.39955357 0.18518519 0.39980159 0.18518519 0.40004960 0.18551587 0.40029762 0.18551587 0.40054563 0.18584656 0.40079365 0.18650794 0.40079365 0.18683862 0.40104167 0.19047619 0.40104167 0.19080688 0.40128968 0.19411376 0.40128968 0.19444444 0.40153770 0.19775132 0.40153770 0.19808201 0.40178571 0.20138889 0.40178571 0.20171958 0.40203373 0.20502646 0.40203373 0.20535714 0.40228175 0.20866402 0.40228175 0.20899471 0.40252976 0.21263228 0.40252976 0.21296296 0.40277778 0.21626984 0.40277778 0.21660053 0.40302579 0.21990741 0.40302579 0.22023810 0.40327381 0.22817460 0.40327381 0.22850529 0.40352183 0.24074074 0.40352183 0.24107143 0.40376984 0.25363757 0.40376984 0.25396825 0.40401786 0.26620370 0.40401786 0.26653439 0.40426587 0.27910053 0.40426587 0.27943122 0.40451389 0.29166667 0.40451389 0.29199735 0.40476190 0.30423280 0.40476190 0.30456349 0.40500992 0.31712963 0.40500992 0.31746032 0.40525794 0.32969577 0.40525794 0.33002646 0.40550595 0.34259259 0.40550595 0.34292328 0.40575397 0.35515873 0.40575397 0.35548942 0.40600198 0.36805556 0.40600198 0.36838624 0.40625000 0.38062169 0.40625000 0.38095238 0.40649802 0.39351852 0.40649802 0.39384921 0.40674603 0.40608466 0.40674603 0.40641534 0.40699405 0.41236772 0.40699405 0.41302910 0.40649802 0.41302910 0.40625000 0.41335979 0.40600198 0.41335979 0.40575397 0.41402116 0.40525794 0.41402116 0.40500992 0.41435185 0.40476190 0.41435185 0.40451389 0.41501323 0.40401786 0.41501323 0.40376984 0.41534392 0.40352183 0.41534392 0.40327381 0.41600529 0.40277778 0.41600529 0.40252976 0.41633598 0.40228175 0.41633598 0.40203373 0.41699735 0.40153770 0.41699735 0.40128968 0.41732804 0.40104167 0.41732804 0.40079365 0.41798942 0.40029762 0.41798942 0.40004960 0.41832011 0.39980159 0.41832011 0.39955357 0.41898148 0.39905754 0.41898148 0.39880952 0.41931217 0.39856151 0.41931217 0.39831349 0.41997354 0.39781746 0.41997354 0.39756944 0.42030423 0.39732143 0.42030423 0.39707341 0.42096561 0.39657738 0.42096561 0.39632937 0.42129630 0.39608135 0.42129630 0.39583333 0.42195767 0.39533730 0.42195767 0.39508929 0.42228836 0.39484127 0.42228836 0.38839286 0.42261905 0.38814484 0.42261905 0.37549603 0.42294974 0.37524802 0.42294974 0.36259921 0.42328042 0.36235119 0.42328042 0.34970238 0.42361111 0.34945437 0.42361111 0.33680556 0.42394180 0.33655754 0.42394180 0.32390873 0.42427249 0.32366071 0.42427249 0.31101190 0.42460317 0.31076389 0.42460317 0.29811508 0.42493386 0.29786706 0.42493386 0.28497024 0.42526455 0.28472222 0.42526455 0.27207341 0.42559524 0.27182540 0.42559524 0.25917659 0.42592593 0.25892857 0.42592593 0.24627976 0.42625661 0.24603175 0.42625661 0.23338294 0.42658730 0.23313492 0.42658730 0.22048611 0.42691799 0.22023810 0.42691799 0.20758929 0.42724868 0.20734127 0.42724868 0.19890873 0.42691799 0.19866071 0.42691799 0.19494048 0.42658730 0.19469246 0.42658730 0.19072421 0.42625661 0.19047619 0.42625661 0.18650794 0.42592593 0.18625992 0.42592593 0.18229167 0.42559524 0.18204365 0.42559524 0.17807540 0.42526455 0.17782738 0.42526455 0.17385913 0.42493386 0.17361111 0.42493386 0.16964286 0.42460317 0.16939484 0.42460317 0.16542659 0.42427249 0.16517857 0.42427249 0.16121032 0.42394180 0.16096230 0.42394180 0.15897817 0.42328042 0.15848214 0.42294974 0.15848214 0.42030423 0.15649802 0.41997354 0.15649802 0.41732804 0.15451389 0.41699735 0.15451389 0.41435185 0.15252976 0.41402116 0.15252976 0.41137566 0.15054563 0.41104497 0.15054563 0.40839947 0.14856151 0.40806878 0.14856151 0.40542328 0.14657738 0.40509259 0.14657738 0.40244709 0.14459325 0.40211640 0.14459325 0.39947090 0.14260913 0.39914021 0.14260913 0.39649471 0.14062500 0.39616402 0.14062500 0.39351852 0.13864087 0.39318783 0.13864087 0.39054233 0.13665675 0.39021164 0.13665675 0.38756614 0.13467262 0.38723545 0.13467262 0.38458995 0.13268849 0.38425926 0.13268849 0.38128307 0.13045635 0.38095238 0.13045635 0.37962963 0.12946429 0.37896825 0.12946429 0.37863757 0.12971230 0.37037037 0.12971230 0.37003968 0.12996032 0.36177249 0.12996032 0.36144180 0.13020833 0.35317460 0.13020833 0.35284392 0.13045635 0.34490741 0.13045635 0.34457672 0.13070437 0.32572751 0.13070437 0.32539683 0.13045635 0.31283069 0.13045635 0.31250000 0.13020833 0.30026455 0.13020833 0.29993386 0.12996032 0.28736772 0.12996032 0.28703704 0.12971230 0.27480159 0.12971230 0.27447090 0.12946429 0.26190476 0.12946429 0.26157407 0.12921627 0.24933862 0.12921627 0.24900794 0.12896825 0.23644180 0.12896825 0.23611111 0.12872024 0.22387566 0.12872024 0.22354497 0.12847222 0.21097884 0.12847222 0.21064815 0.12822421
1 0.20105820 0.42435516 0.20072751 0.42460317 0.19940476 0.42460317 0.19907407 0.42485119 0.19808201 0.42485119 0.19775132 0.42509921 0.19675926 0.42509921 0.19642857 0.42534722 0.19510582 0.42534722 0.19477513 0.42559524 0.19378307 0.42559524 0.19345238 0.42584325 0.19246032 0.42584325 0.19212963 0.42609127 0.19080688 0.42609127 0.19047619 0.42633929 0.18948413 0.42633929 0.18915344 0.42658730 0.18816138 0.42658730 0.18783069 0.42683532 0.18650794 0.42683532 0.18617725 0.42708333 0.18518519 0.42708333 0.18485450 0.42733135 0.18386243 0.42733135 0.18353175 0.42757937 0.18220899 0.42757937 0.18187831 0.42782738 0.18088624 0.42782738 0.18055556 0.42807540 0.17923280 0.42807540 0.17890212 0.42832341 0.17791005 0.42832341 0.17757937 0.42857143 0.17658730 0.42857143 0.17625661 0.42881944 0.17493386 0.42881944 0.17460317 0.42906746 0.17361111 0.42906746 0.17328042 0.42931548 0.17261905 0.42931548 0.17261905 0.43105159 0.17228836 0.43129960 0.17228836 0.43402778 0.17195767 0.43427579 0.17195767 0.43700397 0.17162698 0.43725198 0.17162698 0.43998016 0.17129630 0.44022817 0.17129630 0.44295635 0.17096561 0.44320437 0.17096561 0.44593254 0.17063492 0.44618056 0.17063492 0.44890873 0.17030423 0.44915675 0.17030423 0.45188492 0.16997354 0.45213294 0.16997354 0.45486111 0.16964286 0.45510913 0.16964286 0.45783730 0.16931217 0.45808532 0.16931217 0.50000000 0.16898148 0.50024802 0.16898148 0.52380952 0.16865079 0.52405754 0.16865079 0.54761905 0.16832011 0.54786706 0.16832011 0.57142857 0.16798942 0.57167659 0.16798942 0.59523810 0.16765873 0.59548611 0.16765873 0.61904762 0.16732804 0.61929563 0.16732804 0.64285714 0.16699735 0.64310516 0.16699735 0.66666667 0.16666667 0.66691468 0.16666667 0.69047619 0.16633598 0.69072421 0.16633598 0.71428571 0.16600529 0.71453373 0.16600529 0.73809524 0.16567460 0.73834325 0.16567460 0.76190476 0.16534392 0.76215278 0.16534392 0.78571429 0.16501323 0.78596230 0.16501323 0.80952381 0.16468254 0.80977183 0.16468254 0.83333333 0.16435185 0.83358135 0.16435185 0.85714286 0.16402116 0.85739087 0.16402116 0.88095238 0.16369048 0.88120040 0.16369048 0.90476190 0.16335979 0.90500992 0.16335979 0.92857143 0.16302910 0.92881944 0.16302910 0.95238095 0.16269841 0.95262897 0.16269841 0.95486111 0.16302910 0.95510913 0.16302910 0.95560516 0.16335979 0.95585317 0.16335979 0.95634921 0.16369048 0.95659722 0.16369048 0.95709325 0.16402116 0.95734127 0.16402116 0.95758929 0.16435185 0.95783730 0.16435185 0.95833333 0.16468254 0.95858135 0.16468254 0.95907738 0.16501323 0.95932540 0.16501323 0.95982143 0.16534392 0.96006944 0.16534392 0.96056548 0.16567460 0.96081349 0.16567460 0.96130952 0.16600529 0.96155754 0.16600529 0.96205357 0.16633598 0.96230159 0.16633598 0.96254960 0.16666667 0.96279762 0.16666667 0.96329365 0.16699735 0.96354167 0.16699735 0.96403770 0.16732804 0.96428571 0.16732804 0.96478175 0.16765873 0.96502976 0.16765873 0.96552579 0.16798942 0.96577381 0.16798942 0.96626984 0.16832011 0.96651786 0.16832011 0.96701389 0.16865079 0.96726190 0.16865079 0.96775794 0.16898148 0.96800595 0.16898148 0.96825397 0.16931217 0.96850198 0.16931217 0.96899802 0.16964286 0.96924603 0.16964286 0.96974206 0.16997354 0.96999008 0.16997354 0.97048611 0.17030423 0.97073413 0.17030423 0.97123016 0.17063492 0.97147817 0.17063492 0.97197421 0.17096561 0.97222222 0.17096561 0.97271825 0.17129630 0.97296627 0.17129630 0.97321429 0.17162698 0.97346230 0.17162698 0.97395833 0.17195767 0.97420635 0.17195767 0.97470238 0.17228836 0.97495040 0.17228836 0.97544643 0.17261905 0.97569444 0.17261905 0.97619048 0.17294974 0.97643849 0.17294974 0.97693452 0.17328042 0.97718254 0.17328042 0.97767857 0.17361111 0.97792659 0.17361111 0.97817460 0.17394180 0.97842262 0.17394180 0.97891865 0.17427249 0.97916667 0.17427249 0.97941468 0.17460317 0.97966270 0.17625661 0.97966270 0.17658730 0.97991071 0.17824074 0.97991071 0.17857143 0.98015873 0.18022487 0.98015873 0.18055556 0.98040675 0.18220899 0.98040675 0.18253968 0.98065476 0.18419312 0.98065476 0.18452381 0.98090278 0.18617725 0.98090278 0.18650794 0.98115079 0.18816138 0.98115079 0.18849206 0.98139881 0.19014550 0.98139881 0.19047619 0.98164683 0.19212963 0.98164683 0.19246032 0.98189484 0.19411376 0.98189484 0.19444444 0.98214286 0.19609788 0.98214286 0.19642857 0.98239087 0.19808201 0.98239087 0.19841270 0.98263889 0.20006614 0.98263889 0.20039683 0.98288690 0.20205026 0.98288690 0.20238095 0.98313492 0.20403439 0.98313492 0.20436508 0.98338294 0.20601852 0.98338294 0.20634921 0.98363095 0.20800265 0.98363095 0.20833333 0.98387897 0.20998677 0.98387897 0.21031746 0.98412698 0.21197090 0.98412698 0.21230159 0.98437500 0.22652116 0.98437500 0.22685185 0.98462302 0.26984127 0.98462302 0.27017196 0.98487103 0.31349206 0.98487103 0.31382275 0.98511905 0.35681217 0.98511905 0.35714286 0.98536706 0.40013228 0.98536706 0.40046296 0.98561508 0.43121693 0.98561508 0.43154762 0.98536706 0.43220899 0.98536706 0.43253968 0.98511905 0.43320106 0.98511905 0.43353175 0.98487103 0.43386243 0.98487103 0.43419312 0.98462302 0.43485450 0.98462302 0.43518519 0.98437500 0.43584656 0.98437500 0.43617725 0.98412698 0.43683862 0.98412698 0.43716931 0.98387897 0.43783069 0.98387897 0.43816138 0.98363095 0.43882275 0.98363095 0.43915344 0.98338294 0.43981481 0.98338294 0.44014550 0.98313492 0.44047619 0.98313492 0.44080688 0.98288690 0.44146825 0.98288690 0.44179894 0.98263889 0.44246032 0.98263889 0.44279101 0.98239087 0.44345238 0.98239087 0.44378307 0.98214286 0.44444444 0.98214286 0.44477513 0.98189484 0.44543651 0.98189484 0.44576720 0.98164683 0.44642857 0.98164683 0.44675926 0.98139881 0.44708995 0.98139881 0.44742063 0.98115079 0.44808201 0.98115079 0.44841270 0.98090278 0.44907407 0.98090278 0.44940476 0.98065476 0.45006614 0.98065476 0.45039683 0.98040675 0.45105820 0.98040675 0.45138889 0.98015873 0.45205026 0.98015873 0.45238095 0.97991071 0.45304233 0.97991071 0.45337302 0.97966270 0.45370370 0.97966270 0.45403439 0.97941468 0.45469577 0.97941468 0.45502646 0.97916667 0.45568783 0.97916667 0.45601852 0.97891865 0.45667989 0.97891865 0.45701058 0.97867063 0.45767196 0.97867063 0.45800265 0.97842262 0.45866402 0.97842262 0.45899471 0.97817460 0.45965608 0.97817460 0.45998677 0.97792659 0.46031746 0.97792659 0.46064815 0.97767857 0.46130952 0.97767857 0.46164021 0.97743056 0.46230159 0.97743056 0.46263228 0.97718254 0.46329365 0.97718254 0.46428571 0.97643849 0.46461640 0.97643849 0.46693122 0.97470238 0.46726190 0.97470238 0.46957672 0.97296627 0.46990741 0.97296627 0.47222222 0.97123016 0.47255291 0.97123016 0.47486772 0.96949405 0.47519841 0.96949405 0.47718254 0.96800595 0.47751323 0.96800595 0.47982804 0.96626984 0.48015873 0.96626984 0.48247354 0.96453373 0.48280423 0.96453373 0.48511905 0.96279762 0.48544974 0.96279762 0.48776455 0.96106151 0.48809524 0.96106151 0.48974868 0.95982143 0.48974868 0.95734127 0.49007937 0.95709325 0.49007937 0.95213294 0.49041005 0.95188492 0.49041005 0.94692460 0.49074074 0.94667659 0.49074074 0.94171627 0.49107143 0.94146825 0.49107143 0.93675595 0.49140212 0.93650794 0.49140212 0.88640873 0.49173280 0.88616071 0.49173280 0.79092262 0.49206349 0.79067460 0.49206349 0.69568452 0.49239418 0.69543651 0.49239418 0.60019841 0.49272487 0.59995040 0.49272487 0.50471230 0.49305556 0.50446429 0.49305556 0.47296627 0.49338624 0.47271825 0.49338624 0.46825397 0.49371693 0.46800595 0.49371693 0.46354167 0.49404762 0.46329365 0.49404762 0.45882937 0.49437831 0.45858135 0.49437831 0.45411706 0.49470899 0.45386905 0.49470899 0.45262897 0.49437831 0.45238095 0.49437831 0.45188492 0.49404762 0.45163690 0.49404762 0.45138889 0.49371693 0.45114087 0.49371693 0.45064484 0.49338624 0.45039683 0.49338624 0.44990079 0.49305556 0.44965278 0.49305556 0.44940476 0.49272487 0.44915675 0.49272487 0.44866071 0.49239418 0.44841270 0.49239418 0.44816468 0.49206349 0.44791667 0.49206349 0.44742063 0.49173280 0.44717262 0.49173280 0.44692460 0.49140212 0.44667659 0.49140212 0.44618056 0.49107143 0.44593254 0.49107143 0.44543651 0.49074074 0.44518849 0.49074074 0.44494048 0.49041005 0.44469246 0.49041005 0.44419643 0.49007937 0.44394841 0.49007937 0.44370040 0.48974868 0.44345238 0.48974868 0.44295635 0.48941799 0.44270833 0.48941799 0.44246032 0.48908730 0.44221230 0.48908730 0.44171627 0.48875661 0.44146825 0.48875661 0.44097222 0.48842593 0.44072421 0.48842593 0.44047619 0.48809524 0.44022817 0.48809524 0.43973214 0.48776455 0.43948413 0.48776455 0.43923611 0.48743386 0.43898810 0.48743386 0.43849206 0.48710317 0.43824405 0.48710317 0.43799603 0.48677249 0.43774802 0.48677249 0.43725198 0.48644180 0.43700397 0.48644180 0.43675595 0.48611111 0.43650794 0.48611111 0.43601190 0.48578042 0.43576389 0.48578042 0.43526786 0.48544974 0.43501984 0.48544974 0.43477183 0.48511905 0.43452381 0.48511905 0.43402778 0.48478836 0.43377976 0.48478836 0.43353175 0.48445767 0.43328373 0.48445767 0.43278770 0.48412698 0.43253968 0.48412698 0.43229167 0.48379630 0.43204365 0.48379630 0.43154762 0.48346561 0.43129960 0.48346561 0.43080357 0.48313492 0.43055556 0.44212963 0.43055556 0.44179894 0.43030754 0.43253968 0.43030754 0.43220899 0.43005952 0.42294974 0.43005952 0.42261905 0.42981151 0.41335979 0.42981151 0.41302910 0.42956349 0.40376984 0.42956349 0.40343915 0.42931548 0.39417989 0.42931548 0.39384921 0.42906746 0.38425926 0.42906746 0.38392857 0.42881944 0.37466931 0.42881944 0.37433862 0.42857143 0.36507937 0.42857143 0.36474868 0.42832341 0.35548942 0.42832341 0.35515873 0.42807540 0.34589947 0.42807540 0.34556878 0.42782738 0.33630952 0.42782738 0.33597884 0.42757937 0.32671958 0.42757937 0.32638889 0.42733135 0.31679894 0.42733135 0.31646825 0.42708333 0.30720899 0.42708333 0.30687831 0.42683532 0.29761905 0.42683532 0.29728836 0.42658730 0.28802910 0.42658730 0.28769841 0.42633929 0.27843915 0.42633929 0.27810847 0.42609127 0.26884921 0.42609127 0.26851852 0.42584325 0.25925926 0.42584325 0.25892857 0.42559524 0.24933862 0.42559524 0.24900794 0.42534722 0.23974868 0.42534722 0.23941799 0.42509921 0.23015873 0.42509921 0.22982804 0.42485119 0.22056878 0.42485119 0.22023810 0.42460317 0.21097884 0.42460317 0.21064815 0.42435516
1 0.61276455 0.46403770 0.61243386 0.46428571 0.60945767 0.46428571 0.60912698 0.46453373 0.60615079 0.46453373 0.60582011 0.46478175 0.60284392 0.46478175 0.60251323 0.46502976 0.59953704 0.46502976 0.59920635 0.46527778 0.59623016 0.46527778 0.59589947 0.46552579 0.59259259 0.46552579 0.59226190 0.46577381 0.58928571 0.46577381 0.58895503 0.46602183 0.58597884 0.46602183 0.58564815 0.46626984 0.58267196 0.46626984 0.58234127 0.46651786 0.57936508 0.46651786 0.57903439 0.46676587 0.57705026 0.46676587 0.57705026 0.46800595 0.57671958 0.46825397 0.57671958 0.46974206 0.57638889 0.46999008 0.57638889 0.47123016 0.57605820 0.47147817 0.57605820 0.47296627 0.57572751 0.47321429 0.57572751 0.47445437 0.57539683 0.47470238 0.57539683 0.47619048 0.57506614 0.47643849 0.57506614 0.47767857 0.57473545 0.47792659 0.57473545 0.47941468 0.57440476 0.47966270 0.57440476 0.48115079 0.57407407 0.48139881 0.57407407 0.48263889 0.57374339 0.48288690 0.57374339 0.48437500 0.57341270 0.48462302 0.57341270 0.48586310 0.57308201 0.48611111 0.57308201 0.48759921 0.57275132 0.48784722 0.57275132 0.48908730 0.57242063 0.48933532 0.57242063 0.49082341 0.57208995 0.49107143 0.57208995 0.49231151 0.57175926 0.49255952 0.57175926 0.49404762 0.57142857 0.49429563 0.57142857 0.49578373 0.57109788 0.49603175 0.57109788 0.49727183 0.57076720 0.49751984 0.57076720 0.49900794 0.57043651 0.49925595 0.57043651 0.50049603 0.57010582 0.50074405 0.57010582 0.50223214 0.56977513 0.50248016 0.56977513 0.50372024 0.56944444 0.50396825 0.56944444 0.50545635 0.56911376 0.50570437 0.56911376 0.50868056 0.56878307 0.50892857 0.56878307 0.52529762 0.56845238 0.52554563 0.56845238 0.54191468 0.56812169 0.54216270 0.56812169 0.55853175 0.56779101 0.55877976 0.56779101 0.57514881 0.56746032 0.57539683 0.56746032 0.59201389 0.56712963 0.59226190 0.56712963 0.60863095 0.56679894 0.60887897 0.56679894 0.62524802 0.56646825 0.62549603 0.56646825 0.64186508 0.56613757 0.64211310 0.56613757 0.65873016 0.56580688 0.65897817 0.56580688 0.67534722 0.56547619 0.67559524 0.56547619 0.69196429 0.56514550 0.69221230 0.56514550 0.70858135 0.56481481 0.70882937 0.56481481 0.72519841 0.56448413 0.72544643 0.56448413 0.74206349 0.56415344 0.74231151 0.56415344 0.75868056 0.56382275 0.75892857 0.56382275 0.77529762 0.56349206 0.77554563 0.56349206 0.79191468 0.56316138 0.79216270 0.56316138 0.80877976 0.56283069 0.80902778 0.56283069 0.82539683 0.56250000 0.82564484 0.56250000 0.84201389 0.56216931 0.84226190 0.56216931 0.85863095 0.56183862 0.85887897 0.56183862 0.87524802 0.56150794 0.87549603 0.56150794 0.89211310 0.56117725 0.89236111 0.56117725 0.90873016 0.56084656 0.90897817 0.56084656 0.92237103 0.56051587 0.92261905 0.56051587 0.92931548 0.56018519 0.92956349 0.56018519 0.93625992 0.55985450 0.93650794 0.55985450 0.94320437 0.55952381 0.94345238 0.55952381 0.95014881 0.55919312 0.95039683 0.55919312 0.95510913 0.55985450 0.95560516 0.56018519 0.95560516 0.56349206 0.95808532 0.56382275 0.95808532 0.56679894 0.96031746 0.56712963 0.96031746 0.57043651 0.96279762 0.57076720 0.96279762 0.57407407 0.96527778 0.57440476 0.96527778 0.57738095 0.96750992 0.57771164 0.96750992 0.58101852 0.96999008 0.58134921 0.96999008 0.58465608 0.97247024 0.58498677 0.97247024 0.58796296 0.97470238 0.58829365 0.97470238 0.59160053 0.97718254 0.59193122 0.97718254 0.59358466 0.97842262 0.59391534 0.97842262 0.59424603 0.97817460 0.59656085 0.97817460 0.59689153 0.97792659 0.59920635 0.97792659 0.59953704 0.97767857 0.60185185 0.97767857 0.60218254 0.97743056 0.60449735 0.97743056 0.60482804 0.97718254 0.60714286 0.97718254 0.60747354 0.97693452 0.60978836 0.97693452 0.61011905 0.97668651 0.61243386 0.97668651 0.61276455 0.97643849 0.61507937 0.97643849 0.61541005 0.97619048 0.61772487 0.97619048 0.61805556 0.97594246 0.62037037 0.97594246 0.62070106 0.97569444 0.62301587 0.97569444 0.62334656 0.97544643 0.62566138 0.97544643 0.62599206 0.97519841 0.62830688 0.97519841 0.62863757 0.97495040 0.63095238 0.97495040 0.63128307 0.97470238 0.63988095 0.97470238 0.64021164 0.97495040 0.65013228 0.97495040 0.65046296 0.97519841 0.66038360 0.97519841 0.66071429 0.97544643 0.67063492 0.97544643 0.67096561 0.97569444 0.68088624 0.97569444 0.68121693 0.97594246 0.69080688 0.97594246 0.69113757 0.97619048 0.70105820 0.97619048 0.70138889 0.97643849 0.71130952 0.97643849 0.71164021 0.97668651 0.72156085 0.97668651 0.72189153 0.97693452 0.73181217 0.97693452 0.73214286 0.97718254 0.74206349 0.97718254 0.74239418 0.97743056 0.75198413 0.97743056 0.75231481 0.97767857 0.76223545 0.97767857 0.76256614 0.97792659 0.77248677 0.97792659 0.77281746 0.97817460 0.78273810 0.97817460 0.78306878 0.97842262 0.78571429 0.97842262 0.78637566 0.97792659 0.78637566 0.97767857 0.78703704 0.97718254 0.78703704 0.97693452 0.78802910 0.97619048 0.78802910 0.97594246 0.78869048 0.97544643 0.78869048 0.97519841 0.78935185 0.97470238 0.78935185 0.97445437 0.79034392 0.97371032 0.79034392 0.97346230 0.79100529 0.97296627 0.79100529 0.97271825 0.79199735 0.97197421 0.79199735 0.97172619 0.79265873 0.97123016 0.79265873 0.97098214 0.79332011 0.97048611 0.79332011 0.97023810 0.79431217 0.96949405 0.79431217 0.96924603 0.79497354 0.96875000 0.79497354 0.96850198 0.79596561 0.96775794 0.79596561 0.96750992 0.79662698 0.96701389 0.79662698 0.96676587 0.79728836 0.96626984 0.79728836 0.96602183 0.79828042 0.96527778 0.79828042 0.96502976 0.79894180 0.96453373 0.79894180 0.96428571 0.79993386 0.96354167 0.79993386 0.96329365 0.80059524 0.96279762 0.80059524 0.96254960 0.80158730 0.96180556 0.80158730 0.96155754 0.80224868 0.96106151 0.80224868 0.96081349 0.80291005 0.96031746 0.80291005 0.96006944 0.80390212 0.95932540 0.80390212 0.95907738 0.80456349 0.95858135 0.80456349 0.95833333 0.80555556 0.95758929 0.80555556 0.95163690 0.80588624 0.95138889 0.80588624 0.94345238 0.80621693 0.94320437 0.80621693 0.93501984 0.80654762 0.93477183 0.80654762 0.92658730 0.80687831 0.92633929 0.80687831 0.91815476 0.80720899 0.91790675 0.80720899 0.85416667 0.80753968 0.85391865 0.80753968 0.76661706 0.80787037 0.76636905 0.80787037 0.67881944 0.80820106 0.67857143 0.80820106 0.59126984 0.80853175 0.59102183 0.80853175 0.50347222 0.80886243 0.50322421 0.80886243 0.49479167 0.80853175 0.49454365 0.80853175 0.49330357 0.80820106 0.49305556 0.80820106 0.49206349 0.80787037 0.49181548 0.80787037 0.49057540 0.80753968 0.49032738 0.80753968 0.48933532 0.80720899 0.48908730 0.80720899 0.48809524 0.80687831 0.48784722 0.80687831 0.48660714 0.80654762 0.48635913 0.80654762 0.48536706 0.80621693 0.48511905 0.80621693 0.48412698 0.80588624 0.48387897 0.80588624 0.48263889 0.80555556 0.48239087 0.80555556 0.48139881 0.80522487 0.48115079 0.80522487 0.47991071 0.80489418 0.47966270 0.80489418 0.47867063 0.80456349 0.47842262 0.80456349 0.47743056 0.80423280 0.47718254 0.80423280 0.47594246 0.80390212 0.47569444 0.80390212 0.47495040 0.80357143 0.47495040 0.80224868 0.47395833 0.80191799 0.47395833 0.80092593 0.47321429 0.80059524 0.47321429 0.79927249 0.47222222 0.79894180 0.47222222 0.79794974 0.47147817 0.79761905 0.47147817 0.79629630 0.47048611 0.79596561 0.47048611 0.79497354 0.46974206 0.79464286 0.46974206 0.79332011 0.46875000 0.79298942 0.46875000 0.79199735 0.46800595 0.79166667 0.46800595 0.79034392 0.46701389 0.79001323 0.46701389 0.78935185 0.46651786 0.77810847 0.46651786 0.77777778 0.46676587 0.76256614 0.46676587 0.76223545 0.46701389 0.74669312 0.46701389 0.74636243 0.46726190 0.73082011 0.46726190 0.73048942 0.46750992 0.71527778 0.46750992 0.71494709 0.46775794 0.70866402 0.46775794 0.70833333 0.46750992 0.70205026 0.46750992 0.70171958 0.46726190 0.69576720 0.46726190 0.69543651 0.46701389 0.68948413 0.46701389 0.68915344 0.46676587 0.68320106 0.46676587 0.68287037 0.46651786 0.67691799 0.46651786 0.67658730 0.46626984 0.67030423 0.46626984 0.66997354 0.46602183 0.66402116 0.46602183 0.66369048 0.46577381 0.65773810 0.46577381 0.65740741 0.46552579 0.65145503 0.46552579 0.65112434 0.46527778 0.64484127 0.46527778 0.64451058 0.46502976 0.63855820 0.46502976 0.63822751 0.46478175 0.63227513 0.46478175 0.63194444 0.46453373 0.62599206 0.46453373 0.62566138 0.46428571 0.61937831 0.46428571 0.61904762 0.46403770
0 0.59193122 0.25396825 0.59193122 0.32688492 0.69543651 0.32688492 0.69543651 0.25396825
0 0.24900794 0.23561508 0.24900794 0.34771825 0.35482804 0.34771825 0.35482804 0.23561508
0 0.27612434 0.64434524 0.27612434 0.73139881 0.37962963 0.73139881 0.37962963 0.64434524
0 0.64120370 0.66294643 0.64120370 0.74255952 0.71825397 0.74255952 0.71825397 0.66294643
7 0.19742063 0.43353175 0.19742063 0.55877976 0.48148148 0.55877976 0.48148148 0.43353175
7 0.58201058 0.46875000 0.58201058 0.55877976 0.79232804 0.55877976 0.79232804 0.46875000
7 0.19742063 0.14484127 0.19742063 0.20585317 0.40575397 0.20585317 0.40575397 0.14484127
7 0.52050265 0.14856151 0.52050265 0.23437500 0.79728836 0.23437500 0.79728836 0.14856151
0 0.31580688 0.47619048 0.31580688 0.53645833 0.45370370 0.53645833 0.45370370 0.47619048
0 0.22685185 0.50198413 0.22685185 0.53298611 0.27414021 0.53298611 0.27414021 0.50198413
0 0.27876984 0.50372024 0.27876984 0.53893849 0.31382275 0.53893849 0.31382275 0.50372024
0 0.53769841 0.18005952 0.53769841 0.21701389 0.59490741 0.21701389 0.59490741 0.18005952
0 0.60681217 0.18551587 0.60681217 0.21453373 0.63756614 0.21453373 0.63756614 0.18551587
0 0.67096561 0.51488095 0.67096561 0.54637897 0.77414021 0.54637897 0.77414021 0.51488095
0 0.58697090 0.50372024 0.58697090 0.53893849 0.60152116 0.53893849 0.60152116 0.50372024
0 0.61177249 0.51488095 0.61177249 0.54141865 0.66567460 0.54141865 0.66567460 0.51488095
0 0.24669312 0.16889881 0.24669312 0.18973214 0.29563492 0.18973214 0.29563492 0.16889881
3 0.95469577 0.18005952 0.95469577 0.37127976 0.99966931 0.37127976 0.99966931 0.18005952
3 0.95205026 0.45213294 0.95205026 0.64632937 0.99966931 0.64632937 0.99966931 0.45213294
3 0.95469577 0.72767857 0.95469577 0.93526786 0.99966931 0.93526786 0.99966931 0.72767857