8 0.50666667 0.49750000 0.84666667 0.96000000
8 0.69083333 0.20687500 0.34166667 0.31375000
8 0.31416667 0.19000000 0.27500000 0.30250000
8 0.72916667 0.66437500 0.25833333 0.53625000
1 0.34333333 0.65687500 0.36000000 0.60375000
7 0.34750000 0.43062500 0.30500000 0.13375000
0 0.34583333 0.65375000 0.12833333 0.09250000
0 0.29000000 0.79375000 0.07666667 0.19500000
0 0.39666667 0.79062500 0.04000000 0.17875000
0 0.46666667 0.68062500 0.04000000 0.34625000
0 0.39833333 0.44125000 0.13666667 0.06500000
0 0.38666667 0.48375000 0.04000000 0.02250000
0 0.43333333 0.48500000 0.03333333 0.01750000
6 0.56416667 0.49062500 0.03500000 0.03125000
6 0.13333333 0.48625000 0.04333333 0.04000000
6 0.13000000 0.94500000 0.04666667 0.04500000
6 0.56250000 0.93250000 0.04166667 0.03750000
6 0.89083333 0.92187500 0.04166667 0.04125000
6 0.88666667 0.49250000 0.05333333 0.04500000
6 0.48750000 0.05312500 0.05166667 0.04125000
6 0.14333333 0.04562500 0.04333333 0.03375000
6 0.88750000 0.07000000 0.03166667 0.04000000
6 0.96500000 0.07250000 0.04666667 0.03500000
6 0.97000000 0.49375000 0.04000000 0.04250000