8 0.51250000 0.50375000 0.81166667 0.92500000
6 0.16750000 0.08125000 0.05500000 0.03500000
6 0.49583333 0.08375000 0.06500000 0.03500000
6 0.88083333 0.09437500 0.04833333 0.04125000
6 0.16333333 0.50187500 0.06000000 0.03625000
6 0.88250000 0.50062500 0.05166667 0.05375000
6 0.14416667 0.93875000 0.04833333 0.03500000
6 0.55500000 0.93562500 0.07666667 0.03375000
6 0.88250000 0.93250000 0.05833333 0.04250000
6 0.06750000 0.49562500 0.05500000 0.05375000
6 0.06000000 0.94375000 0.05333333 0.04500000
6 0.08250000 0.07875000 0.05166667 0.04000000
6 0.25583333 0.02375000 0.05166667 0.03500000
3 0.52666667 0.50125000 0.06666667 0.20500000
3 0.61916667 0.50375000 0.07166667 0.20000000
3 0.71333333 0.50562500 0.08000000 0.20375000
3 0.81083333 0.50625000 0.07500000 0.20500000
3 0.52416667 0.80625000 0.07500000 0.22500000
3 0.61583333 0.80500000 0.07166667 0.22250000
3 0.71083333 0.80375000 0.08166667 0.22000000
3 0.80416667 0.80312500 0.07500000 0.21875000
4 0.25000000 0.21375000 0.07333333 0.20000000
4 0.34666667 0.21687500 0.06666667 0.20125000
4 0.44000000 0.21687500 0.08000000 0.20625000
4 0.53250000 0.21687500 0.06500000 0.20125000
4 0.62083333 0.22125000 0.08166667 0.20500000
4 0.71916667 0.22312500 0.06500000 0.19875000
4 0.81000000 0.22312500 0.07333333 0.19875000
4 0.23916667 0.49687500 0.09166667 0.20625000
4 0.33750000 0.49937500 0.06166667 0.20625000
4 0.43250000 0.50187500 0.07833333 0.20625000
4 0.23250000 0.79812500 0.07833333 0.20875000
4 0.33333333 0.79750000 0.06666667 0.20250000
4 0.42750000 0.79375000 0.06833333 0.20500000