8 0.40083333 0.59125000 0.64500000 0.77750000
6 0.41750000 0.25437500 0.03500000 0.02375000
6 0.15250000 0.22687500 0.04166667 0.02875000
6 0.13416667 0.58500000 0.03833333 0.03000000
6 0.68833333 0.27687500 0.03000000 0.02875000
6 0.68416667 0.58000000 0.02833333 0.03500000
6 0.11500000 0.95125000 0.04333333 0.03500000
6 0.45000000 0.91500000 0.04666667 0.02750000
6 0.67500000 0.88562500 0.03333333 0.02625000
6 0.07333333 0.22250000 0.03666667 0.03000000
6 0.05583333 0.58625000 0.04500000 0.03750000
6 0.03833333 0.96062500 0.04666667 0.03625000
3 0.21583333 0.34000000 0.06833333 0.17000000
3 0.29583333 0.34375000 0.06500000 0.16750000
3 0.37166667 0.35000000 0.06333333 0.16250000
3 0.44333333 0.35500000 0.06000000 0.16000000
3 0.51333333 0.35875000 0.06333333 0.15500000
3 0.58000000 0.36312500 0.06000000 0.15375000
3 0.64083333 0.36687500 0.05833333 0.15125000
3 0.20583333 0.58687500 0.06833333 0.17125000
3 0.28750000 0.58562500 0.06833333 0.16625000
3 0.36250000 0.58437500 0.06166667 0.16125000
3 0.43500000 0.58312500 0.06000000 0.15625000
3 0.50333333 0.58312500 0.05666667 0.15375000
3 0.56916667 0.58187500 0.05500000 0.15125000
3 0.63250000 0.58187500 0.05500000 0.14875000
3 0.19583333 0.83312500 0.07166667 0.18625000
3 0.27666667 0.82687500 0.06666667 0.17875000
3 0.35250000 0.82062500 0.06166667 0.17375000
3 0.42666667 0.81375000 0.06333333 0.17000000
3 0.49666667 0.80812500 0.06333333 0.16625000
3 0.56250000 0.80187500 0.05833333 0.16375000
3 0.62666667 0.79625000 0.05666667 0.16000000