8 0.50083333 0.48687500 0.85833333 0.97375000
5 0.70750000 0.19125000 0.32166667 0.31500000
5 0.33833333 0.64375000 0.35000000 0.60000000
5 0.73500000 0.66937500 0.25000000 0.54625000
1 0.30333333 0.16312500 0.27666667 0.32375000
0 0.30750000 0.17375000 0.18166667 0.26000000
6 0.49166667 0.03250000 0.04333333 0.02750000
6 0.12916667 0.01750000 0.05833333 0.03500000
6 0.12416667 0.48062500 0.04833333 0.03875000
6 0.56250000 0.48687500 0.04500000 0.04125000
6 0.90666667 0.49312500 0.04000000 0.04875000
6 0.10750000 0.95125000 0.05500000 0.04000000
6 0.55583333 0.94437500 0.05166667 0.03625000
6 0.90750000 0.05125000 0.06166667 0.04000000
6 0.89750000 0.93875000 0.04833333 0.04000000
6 0.02666667 0.47625000 0.05333333 0.04500000
6 0.04000000 0.01687500 0.05333333 0.03375000
6 0.02416667 0.94750000 0.03500000 0.04750000
6 0.97500000 0.93750000 0.05000000 0.04250000
6 0.97666667 0.49437500 0.04666667 0.04125000
6 0.98500000 0.05000000 0.03000000 0.03750000
0 0.25416667 0.20875000 0.04833333 0.15000000
0 0.33916667 0.21812500 0.03833333 0.16875000