8 0.47916667 0.50687500 0.87833333 0.98625000
5 0.26750000 0.19625000 0.26833333 0.30500000
5 0.30250000 0.67812500 0.34500000 0.59875000
5 0.71250000 0.69312500 0.25166667 0.54875000
1 0.67250000 0.20562500 0.33833333 0.33375000
7 0.67416667 0.10000000 0.29500000 0.09750000
0 0.66000000 0.24812500 0.25333333 0.07875000
0 0.66583333 0.26750000 0.10500000 0.18250000
6 0.08916667 0.04375000 0.05166667 0.04000000
6 0.44666667 0.05500000 0.05333333 0.04250000
6 0.08583333 0.50687500 0.05166667 0.04625000
6 0.53500000 0.50937500 0.05000000 0.04125000
6 0.86583333 0.06437500 0.05833333 0.04125000
6 0.87250000 0.51312500 0.06500000 0.04375000
6 0.07083333 0.98062500 0.06166667 0.03875000
6 0.53333333 0.97562500 0.05333333 0.04375000
6 0.87916667 0.96000000 0.03833333 0.04250000
6 0.95916667 0.96375000 0.05166667 0.04000000
6 0.95833333 0.51062500 0.07000000 0.04875000
6 0.95333333 0.07000000 0.05333333 0.05250000