8 0.52000000 0.49625000 0.88333333 0.99250000
5 0.32916667 0.66312500 0.38166667 0.60875000
1 0.74333333 0.69312500 0.28333333 0.58125000
1 0.31583333 0.16875000 0.28500000 0.33000000
1 0.72250000 0.19312500 0.33833333 0.34375000
0 0.32000000 0.18187500 0.18666667 0.26625000
0 0.26750000 0.22125000 0.06833333 0.15500000
0 0.35916667 0.22875000 0.03833333 0.17000000
0 0.73916667 0.67812500 0.07833333 0.08875000
0 0.70250000 0.23687500 0.25166667 0.08625000
0 0.70833333 0.25437500 0.09000000 0.18125000
7 0.72416667 0.09250000 0.30833333 0.10250000
7 0.74416667 0.46312500 0.24833333 0.08875000
6 0.03666667 0.48437500 0.05333333 0.04125000
6 0.12416667 0.49062500 0.05500000 0.04625000
6 0.02166667 0.96000000 0.04333333 0.04500000
6 0.57083333 0.49812500 0.05500000 0.04125000
6 0.55750000 0.96062500 0.06166667 0.04875000
6 0.11583333 0.96375000 0.05166667 0.04750000
6 0.91833333 0.50375000 0.04666667 0.04000000
6 0.90250000 0.95625000 0.04166667 0.03750000
6 0.98333333 0.95437500 0.03333333 0.04125000
6 0.51000000 0.04000000 0.05000000 0.03750000
6 0.14583333 0.02687500 0.05833333 0.04125000
6 0.05583333 0.01812500 0.05166667 0.03625000
6 0.93166667 0.05687500 0.05666667 0.05375000