8 0.47750000 0.49500000 0.85833333 0.92250000
5 0.26416667 0.22312500 0.29166667 0.31625000
5 0.66000000 0.25187500 0.35666667 0.33125000
5 0.66083333 0.69187500 0.29166667 0.48125000
5 0.30250000 0.67250000 0.36500000 0.52750000
6 0.45000000 0.08312500 0.04333333 0.03625000
6 0.09000000 0.06875000 0.05666667 0.05250000
6 0.87500000 0.11125000 0.06000000 0.04500000
6 0.08666667 0.52687500 0.04666667 0.03875000
6 0.50833333 0.53312500 0.05000000 0.04375000
6 0.82416667 0.54562500 0.04166667 0.04375000
6 0.78083333 0.92125000 0.03833333 0.04000000
6 0.48583333 0.92625000 0.04833333 0.03750000
6 0.09333333 0.93000000 0.03666667 0.03250000
3 0.73750000 0.30437500 0.09500000 0.22125000
3 0.61000000 0.23125000 0.10333333 0.23500000
3 0.51750000 0.22812500 0.09166667 0.23875000
3 0.39666667 0.54875000 0.09333333 0.21250000
3 0.32333333 0.51625000 0.09000000 0.20750000
3 0.14916667 0.51187500 0.08833333 0.21625000
3 0.15083333 0.85062500 0.08166667 0.20875000
3 0.22833333 0.84500000 0.08666667 0.20750000
3 0.31666667 0.81000000 0.08333333 0.21000000
3 0.42250000 0.85375000 0.08833333 0.21000000
3 0.56166667 0.80562500 0.09333333 0.20625000
3 0.64083333 0.80687500 0.09833333 0.20625000
3 0.71583333 0.83875000 0.09833333 0.20500000