8 0.44833333 0.50500000 0.84000000 0.94750000
6 0.50333333 0.49437500 0.04333333 0.03375000
6 0.07666667 0.49312500 0.05000000 0.03625000
6 0.82083333 0.49500000 0.04166667 0.04000000
6 0.90083333 0.49375000 0.04500000 0.03750000
6 0.06833333 0.94625000 0.04333333 0.04750000
6 0.49500000 0.93625000 0.05666667 0.04750000
6 0.82833333 0.92625000 0.04333333 0.04000000
6 0.91250000 0.92812500 0.04833333 0.04125000
6 0.09416667 0.06187500 0.04500000 0.03625000
6 0.42583333 0.07000000 0.05166667 0.04500000
6 0.81666667 0.08437500 0.06000000 0.03875000
6 0.89666667 0.08500000 0.05000000 0.03750000
6 0.96750000 0.03000000 0.04500000 0.03500000
6 0.43166667 0.01375000 0.06000000 0.02750000
6 0.01583333 0.05125000 0.02833333 0.04500000
1 0.27750000 0.66437500 0.35833333 0.60375000
1 0.66916667 0.68000000 0.25833333 0.54500000
1 0.25000000 0.19062500 0.26666667 0.30125000
2 0.62666667 0.20062500 0.34333333 0.33125000
3 0.96833333 0.21312500 0.06000000 0.20625000
3 0.97000000 0.49687500 0.05666667 0.20625000
3 0.97416667 0.79187500 0.04833333 0.22125000
0 0.66250000 0.66000000 0.07833333 0.09000000
0 0.28833333 0.65375000 0.10666667 0.09500000
0 0.39500000 0.67812500 0.03666667 0.35125000
0 0.25083333 0.79750000 0.03500000 0.18000000
0 0.33666667 0.79562500 0.03000000 0.17125000
0 0.19083333 0.81000000 0.04833333 0.15500000
0 0.26083333 0.20500000 0.16833333 0.24750000
0 0.21833333 0.21062500 0.05666667 0.09125000
0 0.29833333 0.24687500 0.04333333 0.16375000
7 0.28500000 0.43625000 0.30333333 0.13250000
0 0.33750000 0.44750000 0.15166667 0.06250000
0 0.34833333 0.48875000 0.08666667 0.02750000
7 0.66583333 0.45937500 0.22833333 0.08875000