8 0.53166667 0.52750000 0.79000000 0.87500000
2 0.69583333 0.25812500 0.33166667 0.30375000
2 0.32583333 0.25375000 0.25166667 0.29000000
2 0.36250000 0.68125000 0.31833333 0.53250000
2 0.72333333 0.70062500 0.24666667 0.50375000
6 0.49083333 0.12250000 0.04833333 0.03750000
6 0.17333333 0.12687500 0.04000000 0.03625000
6 0.88333333 0.12062500 0.03333333 0.04625000
6 0.96583333 0.11750000 0.05166667 0.03750000
6 0.17583333 0.53250000 0.03833333 0.03250000
6 0.56583333 0.53312500 0.03833333 0.03625000
6 0.88166667 0.53562500 0.03666667 0.03625000
6 0.17750000 0.93000000 0.04833333 0.03500000
6 0.56250000 0.93625000 0.04166667 0.04000000
6 0.87416667 0.93812500 0.04500000 0.04375000
6 0.95083333 0.93625000 0.05166667 0.04000000
6 0.95416667 0.52812500 0.04833333 0.03875000