8 0.48583333 0.47750000 0.65166667 0.76750000
5 0.33583333 0.23937500 0.19833333 0.23125000
5 0.62916667 0.24812500 0.24500000 0.24375000
5 0.66166667 0.60562500 0.19666667 0.40375000
3 0.90333333 0.24875000 0.06000000 0.16250000
3 0.97333333 0.24937500 0.05333333 0.15375000
3 0.90750000 0.46937500 0.07166667 0.15875000
3 0.97166667 0.47062500 0.05666667 0.15375000
3 0.91000000 0.69437500 0.06666667 0.16375000
3 0.97500000 0.69312500 0.05000000 0.15625000
1 0.36333333 0.60187500 0.28666667 0.46125000
7 0.36916667 0.43000000 0.24500000 0.10000000
0 0.40083333 0.44312500 0.11833333 0.06125000
0 0.37583333 0.59562500 0.08500000 0.06875000
0 0.46083333 0.61625000 0.04500000 0.26500000
0 0.40000000 0.70687500 0.03000000 0.14625000
0 0.34083333 0.70812500 0.03166667 0.14625000
0 0.30500000 0.70812500 0.02000000 0.15125000
0 0.26916667 0.73937500 0.02833333 0.08875000
6 0.20166667 0.12437500 0.03666667 0.03125000
6 0.47000000 0.13250000 0.05000000 0.04250000
6 0.77833333 0.14375000 0.03666667 0.03250000
6 0.78250000 0.47562500 0.04500000 0.03375000
6 0.53416667 0.47375000 0.04500000 0.04000000
6 0.20333333 0.47375000 0.04666667 0.03750000
6 0.13500000 0.47437500 0.05000000 0.03875000
6 0.13000000 0.12125000 0.04000000 0.03500000
6 0.84000000 0.14625000 0.03000000 0.03000000
6 0.89666667 0.09812500 0.03666667 0.02625000
6 0.47166667 0.08062500 0.05000000 0.02625000
6 0.13083333 0.83250000 0.04833333 0.02750000
6 0.20583333 0.82750000 0.04500000 0.03250000
6 0.54000000 0.81000000 0.03333333 0.02750000
6 0.78666667 0.80000000 0.04000000 0.03250000
6 0.84500000 0.79812500 0.03666667 0.03375000
6 0.84250000 0.47062500 0.04500000 0.03625000
2 0.05250000 0.22687500 0.10500000 0.25625000
2 0.05166667 0.61687500 0.10333333 0.44375000