8 0.51312500 0.45750000 0.91875000 0.83166667
6 0.52125000 0.09000000 0.04000000 0.05333333
6 0.08562500 0.08666667 0.04625000 0.06333333
6 0.52625000 0.83000000 0.04500000 0.05333333
6 0.09062500 0.83000000 0.04875000 0.06000000
6 0.51937500 0.41666667 0.04625000 0.05666667
6 0.08625000 0.49416667 0.03750000 0.06833333
6 0.94000000 0.09250000 0.03750000 0.05500000
6 0.94312500 0.42500000 0.03625000 0.06333333
6 0.94562500 0.82916667 0.03375000 0.04833333
6 0.08375000 0.01583333 0.04000000 0.02500000
6 0.51812500 0.01750000 0.05375000 0.03500000
6 0.93875000 0.02083333 0.03000000 0.03500000
2 0.68562500 0.25166667 0.53625000 0.26000000
2 0.23312500 0.28833333 0.31625000 0.32333333
2 0.22312500 0.67333333 0.29625000 0.26333333
2 0.67875000 0.63083333 0.55750000 0.33500000