8 0.49333333 0.50437500 0.86666667 0.97375000
4 0.19833333 0.19125000 0.07666667 0.21500000
4 0.29916667 0.19062500 0.07500000 0.20875000
4 0.39500000 0.19250000 0.07666667 0.21000000
4 0.59166667 0.19125000 0.08000000 0.20000000
4 0.68750000 0.19375000 0.07500000 0.20500000
4 0.78666667 0.19687500 0.08666667 0.20375000
4 0.19333333 0.49750000 0.08666667 0.21500000
4 0.30083333 0.49437500 0.07166667 0.21375000
4 0.39750000 0.49437500 0.07166667 0.21375000
4 0.59333333 0.49437500 0.07666667 0.20125000
4 0.69083333 0.49375000 0.08166667 0.20500000
4 0.78916667 0.49187500 0.08166667 0.21125000
4 0.19666667 0.81375000 0.08000000 0.21500000
4 0.30166667 0.80812500 0.08000000 0.21875000
4 0.40333333 0.80625000 0.07333333 0.21750000
4 0.60250000 0.80375000 0.08166667 0.21250000
4 0.69416667 0.80125000 0.07500000 0.21500000
4 0.79416667 0.80000000 0.08500000 0.21000000
3 0.49333333 0.18437500 0.08666667 0.22875000
3 0.49666667 0.49437500 0.08000000 0.21875000
3 0.50250000 0.81375000 0.08833333 0.23750000
6 0.10666667 0.04937500 0.04666667 0.03875000
6 0.45166667 0.05000000 0.05000000 0.03500000
6 0.86916667 0.05812500 0.05500000 0.03625000
6 0.10500000 0.50187500 0.05333333 0.03625000
6 0.02250000 0.50375000 0.04500000 0.04500000
6 0.87750000 0.49312500 0.05166667 0.04125000
6 0.10416667 0.96000000 0.05166667 0.04000000
6 0.54416667 0.95125000 0.05166667 0.03500000
6 0.88250000 0.93812500 0.06166667 0.04625000
6 0.02250000 0.96500000 0.04500000 0.04250000
6 0.02166667 0.04937500 0.04000000 0.03625000