8 0.51250000 0.51125000 0.82500000 0.93500000
5 0.30333333 0.20937500 0.25333333 0.27625000
5 0.67833333 0.22125000 0.31666667 0.29250000
5 0.34833333 0.65875000 0.34333333 0.56750000
5 0.72500000 0.67187500 0.26666667 0.52625000
6 0.48000000 0.01687500 0.06666667 0.02875000
6 0.47416667 0.07562500 0.05500000 0.03375000
6 0.14500000 0.07625000 0.05333333 0.03000000
6 0.06166667 0.07125000 0.03666667 0.03750000
6 0.87000000 0.07625000 0.05000000 0.04000000
6 0.95000000 0.07812500 0.06666667 0.03625000
6 0.55166667 0.49625000 0.04000000 0.03750000
6 0.14583333 0.50250000 0.05500000 0.04750000
6 0.06000000 0.49625000 0.05333333 0.04500000
6 0.88333333 0.49687500 0.04666667 0.03875000
6 0.95250000 0.49250000 0.05500000 0.04250000
6 0.55500000 0.93312500 0.05333333 0.03625000
6 0.14250000 0.93937500 0.05500000 0.03375000
6 0.05083333 0.93875000 0.06166667 0.04000000
6 0.89083333 0.92500000 0.04500000 0.04500000
6 0.96583333 0.92687500 0.04500000 0.04375000