8 0.49750000 0.49125000 0.88833333 0.98250000
5 0.69916667 0.17312500 0.33166667 0.31375000
5 0.29416667 0.15312500 0.26166667 0.29375000
5 0.32416667 0.63375000 0.36166667 0.62000000
6 0.10250000 0.46687500 0.07166667 0.04125000
6 0.55500000 0.46750000 0.05000000 0.04000000
6 0.90333333 0.47187500 0.05333333 0.03875000
6 0.98166667 0.47562500 0.03666667 0.03375000
6 0.08583333 0.94625000 0.04500000 0.04750000
6 0.54500000 0.94250000 0.05666667 0.04000000
6 0.90083333 0.93687500 0.03833333 0.04375000
6 0.98000000 0.93937500 0.04000000 0.04125000
6 0.01666667 0.46062500 0.03333333 0.04125000
6 0.91583333 0.02375000 0.06166667 0.03000000
6 0.48250000 0.01062500 0.05833333 0.02125000
1 0.73083333 0.66562500 0.28500000 0.59375000
7 0.73500000 0.42875000 0.24333333 0.10250000
0 0.72750000 0.65000000 0.08166667 0.08750000
6 0.98583333 0.02687500 0.02833333 0.03625000