8 0.49500000 0.50000000 0.88333333 1.00000000
1 0.28583333 0.17250000 0.28500000 0.32750000
1 0.69166667 0.19000000 0.36333333 0.33750000
1 0.31916667 0.66812500 0.38500000 0.63375000
1 0.72666667 0.68937500 0.28666667 0.58125000
0 0.72000000 0.67187500 0.07333333 0.08125000
0 0.32166667 0.65625000 0.10333333 0.07750000
0 0.68000000 0.20437500 0.10333333 0.07375000
0 0.28916667 0.20562500 0.10500000 0.12875000
7 0.69500000 0.08687500 0.32000000 0.10125000
7 0.28416667 0.06625000 0.24500000 0.08000000
7 0.31916667 0.43062500 0.31833333 0.13625000
7 0.72833333 0.45937500 0.24666667 0.10125000
0 0.38333333 0.44250000 0.16333333 0.09250000
0 0.23750000 0.45687500 0.06166667 0.04125000
0 0.27666667 0.46562500 0.04333333 0.03375000
6 0.47583333 0.04000000 0.04500000 0.04000000
6 0.12000000 0.03187500 0.04666667 0.03375000
6 0.03000000 0.04062500 0.05000000 0.04125000
6 0.10583333 0.50125000 0.05500000 0.03750000
6 0.55083333 0.49687500 0.06166667 0.05125000
6 0.90083333 0.05000000 0.04500000 0.04500000
6 0.02250000 0.50187500 0.04500000 0.04875000
6 0.89750000 0.50000000 0.03833333 0.02750000
6 0.98083333 0.50312500 0.03833333 0.04625000
6 0.09000000 0.96937500 0.05333333 0.04125000
6 0.54416667 0.96312500 0.04500000 0.03625000
6 0.89416667 0.95750000 0.03833333 0.03500000
6 0.97583333 0.95812500 0.04500000 0.05125000
6 0.01750000 0.97312500 0.02833333 0.03125000
6 0.97750000 0.05125000 0.04500000 0.03000000
0 0.26000000 0.07187500 0.04666667 0.04125000
0 0.58833333 0.09625000 0.05666667 0.05250000
0 0.65666667 0.10000000 0.03000000 0.03250000
0 0.75250000 0.46812500 0.08500000 0.02125000
0 0.80333333 0.49437500 0.05666667 0.02875000
0 0.65666667 0.46875000 0.09000000 0.05000000
0 0.80583333 0.46625000 0.02166667 0.03250000