8 0.50250000 0.52125000 0.84500000 0.93500000
5 0.68000000 0.24062500 0.32000000 0.28375000
5 0.71583333 0.69375000 0.26500000 0.52000000
2 0.28583333 0.21812500 0.27166667 0.30125000
2 0.33583333 0.68250000 0.34833333 0.58500000
6 0.46333333 0.09187500 0.05000000 0.03375000
6 0.87583333 0.08750000 0.04166667 0.03750000
6 0.96166667 0.09062500 0.04666667 0.03875000
6 0.13166667 0.09250000 0.03666667 0.03750000
6 0.13166667 0.52562500 0.04666667 0.03375000
6 0.54666667 0.52062500 0.05000000 0.04125000
6 0.87916667 0.51812500 0.05500000 0.05625000
6 0.96333333 0.52375000 0.05333333 0.04250000
6 0.55333333 0.95500000 0.07000000 0.04250000
6 0.13916667 0.95562500 0.04833333 0.03625000
6 0.88416667 0.95062500 0.04833333 0.03375000
6 0.96500000 0.95500000 0.04666667 0.03750000
6 0.71666667 0.02750000 0.05333333 0.03250000
0 0.64916667 0.02750000 0.04166667 0.05000000