8 0.46626984 0.48970734 0.88624339 0.97941468
2 0.65476190 0.19444444 0.35052910 0.34275794
2 0.23263889 0.16629464 0.28670635 0.32614087
2 0.27166005 0.65959821 0.35813492 0.61334325
2 0.67245370 0.68030754 0.26686508 0.55555556
6 0.43039021 0.03807044 0.05390212 0.03993056
6 0.07060185 0.01984127 0.04199735 0.03323413
6 0.86970899 0.04179067 0.03968254 0.04241071
6 0.50710979 0.50037202 0.06845238 0.05183532
6 0.84937169 0.50446429 0.05853175 0.05009921
6 0.07771164 0.48995536 0.07605820 0.04588294
6 0.93700397 0.51438492 0.05522487 0.05009921
6 0.95684524 0.05208333 0.06845238 0.03819444
6 0.07159392 0.94109623 0.07043651 0.03050595
6 0.49057540 0.93700397 0.04861111 0.04216270
6 0.82671958 0.93700397 0.03306878 0.03224206
6 0.91054894 0.94196429 0.04199735 0.04216270