8 0.54679233 0.50880456 0.79596561 0.91840278
4 0.26504630 0.20944940 0.06712963 0.19717262
4 0.35763889 0.20994544 0.06712963 0.19320437
4 0.45188492 0.21056548 0.06382275 0.19196429
4 0.54398148 0.21155754 0.06944444 0.19146825
4 0.63938492 0.20944940 0.06845238 0.19221230
4 0.72784392 0.21341766 0.07010582 0.18774802
4 0.81894841 0.21502976 0.06382275 0.19593254
4 0.26173942 0.49665179 0.06712963 0.19866071
4 0.35763889 0.49751984 0.06712963 0.19047619
4 0.44775132 0.49665179 0.06547619 0.19370040
4 0.25744048 0.79575893 0.07175926 0.20411706
4 0.35218254 0.79340278 0.06944444 0.20684524
4 0.44940476 0.79265873 0.06878307 0.20535714
3 0.54332011 0.49702381 0.07936508 0.21081349
3 0.63822751 0.49541171 0.07473545 0.20758929
3 0.73296958 0.49627976 0.08167989 0.20436508
3 0.82556217 0.49838790 0.08829365 0.21006944
3 0.54232804 0.80171131 0.08399471 0.22346230
3 0.64037698 0.79960317 0.08167989 0.22420635
3 0.73710317 0.79712302 0.08201058 0.22420635
3 0.83134921 0.79935516 0.08531746 0.22271825
6 0.18485450 0.07428075 0.04894180 0.03844246
6 0.50297619 0.08072917 0.05026455 0.03893849
6 0.90277778 0.08469742 0.05952381 0.04439484
6 0.26570767 0.02108135 0.07506614 0.04216270
6 0.10052910 0.07291667 0.03240741 0.03323413
6 0.08763228 0.49975198 0.04960317 0.03621032
6 0.17311508 0.49578373 0.04199735 0.03075397
6 0.90658069 0.49888393 0.04728836 0.03943452
6 0.91468254 0.93650794 0.04034392 0.03422619
6 0.58250661 0.93229167 0.04067460 0.03571429
6 0.16666667 0.93687996 0.04563492 0.03000992
6 0.08647487 0.93973214 0.04728836 0.03571429
1 0.03141534 0.21304563 0.06283069 0.31845238
1 0.02430556 0.68229167 0.04861111 0.54761905
7 0.02199074 0.11334325 0.04398148 0.08432540
7 0.01934524 0.46329365 0.03869048 0.09722222
0 0.01207011 0.24851190 0.02414021 0.07192460