8 0.47503307 0.49218750 0.83763228 0.94816468
5 0.64814815 0.20188492 0.31084656 0.28819444
1 0.69080688 0.66567460 0.26719577 0.54166667
1 0.30208333 0.65277778 0.35945767 0.60267857
1 0.26124339 0.17919147 0.27976190 0.30927579
7 0.68253968 0.44506448 0.22420635 0.08804563
7 0.30142196 0.42671131 0.30522487 0.12822421
0 0.68948413 0.64980159 0.07605820 0.07589286
0 0.31084656 0.64484127 0.11243386 0.09573413
0 0.41997354 0.66753472 0.03306878 0.33953373
0 0.35416667 0.78087798 0.03042328 0.16939484
0 0.27976190 0.78720238 0.02711640 0.18700397
0 0.24007937 0.78683036 0.04034392 0.18576389
0 0.19510582 0.82676091 0.03306878 0.09945437
0 0.34292328 0.43563988 0.13888889 0.06870040
0 0.37169312 0.48028274 0.08531746 0.01959325
0 0.74785053 0.45349702 0.04067460 0.01810516
0 0.59970238 0.47135417 0.04861111 0.03397817
0 0.41418651 0.41679067 0.03802910 0.06870040
0 0.26587302 0.19035218 0.19113757 0.25074405
0 0.21941138 0.23375496 0.05522487 0.16889881
0 0.29794974 0.23090278 0.04365079 0.16269841
3 0.97916667 0.19481647 0.03571429 0.21006944
3 0.98594577 0.48263889 0.02546296 0.20535714
3 0.98660714 0.77690972 0.02414021 0.21354167
6 0.83382937 0.05964782 0.04728836 0.04389881
6 0.44196429 0.05555556 0.04398148 0.04067460
6 0.09457672 0.05133929 0.05357143 0.03224206
6 0.01851852 0.04228671 0.02711640 0.02901786
6 0.02033730 0.48487103 0.04067460 0.04365079
6 0.09457672 0.48871528 0.03373016 0.03893849
6 0.51868386 0.48313492 0.05191799 0.04017857
6 0.85019841 0.48301091 0.03703704 0.04241071
6 0.92724868 0.48623512 0.03240741 0.03397817
6 0.91154101 0.06225198 0.05059524 0.04166667
6 0.52910053 0.92571925 0.04629630 0.03993056
6 0.85267857 0.91145833 0.03869048 0.04365079
6 0.93419312 0.91059028 0.03637566 0.04687500
6 0.09540344 0.93886409 0.05853175 0.03645833
6 0.01488095 0.94047619 0.02976190 0.03968254
6 0.98693783 0.01054067 0.02612434 0.02108135