8 0.48941799 0.49305556 0.82671958 0.93005952
5 0.29315476 0.19890873 0.23578042 0.27728175
5 0.66914683 0.21130952 0.29993386 0.29216270
5 0.33068783 0.64806548 0.32407407 0.56051587
5 0.70552249 0.65959821 0.24041005 0.51413690
5 0.98429233 0.21341766 0.02215608 0.21205357
5 0.98164683 0.48462302 0.02083333 0.19890873
5 0.99206349 0.77988591 0.00661376 0.20411706
6 0.12400794 0.05915179 0.05423280 0.03844246
6 0.45717593 0.06436012 0.05654762 0.04885913
6 0.85615079 0.06944444 0.05224868 0.03769841
6 0.46759259 0.01215278 0.04894180 0.01884921
6 0.93171296 0.06882440 0.04927249 0.03645833
6 0.04877646 0.05518353 0.05588624 0.03199405
6 0.03852513 0.49045139 0.05720899 0.03794643
6 0.12351190 0.49417163 0.05059524 0.04042659
6 0.53869048 0.48995536 0.04761905 0.03546627
6 0.86011905 0.48722718 0.04695767 0.03298611
6 0.94163360 0.49069940 0.04001323 0.03497024
6 0.86309524 0.91443452 0.04828042 0.03769841
6 0.94560185 0.91170635 0.04398148 0.03224206
6 0.54232804 0.92075893 0.05092593 0.03397817
6 0.12384259 0.93427579 0.05125661 0.03621032
6 0.03505291 0.92782738 0.05687831 0.03323413