8 0.48115079 0.47730655 0.84325397 0.95461310
5 0.69725529 0.64595734 0.25694444 0.52157738
1 0.65641534 0.17832341 0.33862434 0.31746032
1 0.26405423 0.16282242 0.27876984 0.31225198
1 0.31134259 0.64260913 0.36474868 0.60962302
7 0.65376984 0.07837302 0.29761905 0.09920635
7 0.31415344 0.41393849 0.30224868 0.13244048
0 0.35714286 0.41356647 0.17394180 0.08854167
0 0.34556878 0.46812996 0.04960317 0.02058532
0 0.39748677 0.46527778 0.05621693 0.02480159
0 0.64451058 0.22085813 0.24074074 0.06870040
0 0.65095899 0.23735119 0.09821429 0.16121032
0 0.26835317 0.17373512 0.19940476 0.25223214
0 0.31167328 0.63256448 0.11739418 0.08854167
0 0.43105159 0.65513393 0.02876984 0.34449405
0 0.36425265 0.76897321 0.02083333 0.17286706
0 0.29464286 0.77852183 0.04365079 0.20684524
0 0.24007937 0.77938988 0.04034392 0.19866071
0 0.19725529 0.82217262 0.04398148 0.09325397
6 0.84937169 0.04265873 0.04530423 0.03472222
6 0.44146825 0.03199405 0.05621693 0.04811508
6 0.10135582 0.03385417 0.05720899 0.03943452
6 0.10218254 0.47631448 0.05555556 0.04389881
6 0.53108466 0.47631448 0.05357143 0.04389881
6 0.85945767 0.46937004 0.04232804 0.03497024
6 0.10135582 0.93067956 0.05059524 0.03993056
6 0.53621032 0.91765873 0.05390212 0.04117063
6 0.86392196 0.90339782 0.05125661 0.03993056
6 0.94361772 0.89905754 0.04861111 0.03373016
6 0.94113757 0.46825397 0.04695767 0.04017857
6 0.92642196 0.04637897 0.05390212 0.03224206
6 0.01488095 0.02690972 0.02976190 0.03794643
6 0.01785714 0.47383433 0.03240741 0.03397817
6 0.01488095 0.92733135 0.02976190 0.03819444