8 0.45436508 0.50000000 0.89748677 0.99851190
8 0.94494048 0.50620040 0.10945767 0.94692460
1 0.65873016 0.20275298 0.34788360 0.33457341
1 0.24983466 0.17423115 0.28869048 0.33060516
1 0.28670635 0.68129960 0.38492063 0.63690476
1 0.70304233 0.70138889 0.28505291 0.58184524
7 0.70155423 0.46862599 0.23511905 0.09350198
7 0.29464286 0.44568452 0.32936508 0.13045635
7 0.65773810 0.09883433 0.29960317 0.09151786
7 0.25148810 0.06200397 0.23644180 0.06250000
0 0.20353836 0.47557044 0.05919312 0.03893849
0 0.64765212 0.20548115 0.10747354 0.06522817
0 0.24619709 0.47544643 0.05191799 0.03373016
0 0.35251323 0.45473710 0.16071429 0.08060516
0 0.59077381 0.47693452 0.02347884 0.04216270
0 0.72040344 0.47643849 0.08035714 0.01984127
0 0.63558201 0.48586310 0.06415344 0.02182540
0 0.77281746 0.47408234 0.01653439 0.02653770
0 0.77893519 0.50483631 0.04133598 0.02405754
0 0.55737434 0.10788690 0.04861111 0.05059524
0 0.61822090 0.11123512 0.01686508 0.03447421
0 0.23197751 0.07428075 0.02149471 0.03348214
3 0.16352513 0.20783730 0.08564815 0.23313492
3 0.25066138 0.20882937 0.08068783 0.23511905
3 0.33515212 0.21428571 0.07705026 0.23511905
3 0.16137566 0.63467262 0.08796296 0.23363095
3 0.25297619 0.63591270 0.07870370 0.23363095
3 0.33763228 0.63120040 0.08068783 0.23412698
3 0.42559524 0.63219246 0.07870370 0.22767857
3 0.16137566 0.87872024 0.08134921 0.24255952
3 0.24834656 0.87500000 0.07804233 0.24007937
3 0.33713624 0.87177579 0.07638889 0.23859127
3 0.42410714 0.86371528 0.08366402 0.22594246
3 0.62351190 0.62971230 0.08697090 0.22519841
3 0.70717593 0.63157242 0.07506614 0.22643849
3 0.78720238 0.63095238 0.07837302 0.22271825
3 0.62847222 0.85987103 0.08366402 0.23065476
3 0.71180556 0.86185516 0.07440476 0.23115079
3 0.78968254 0.85478671 0.07341270 0.22643849
3 0.66765873 0.26054067 0.29894180 0.06473214
3 0.66914683 0.32180060 0.30324074 0.06374008
6 0.94692460 0.94791667 0.04464286 0.04067460
6 0.94692460 0.50644841 0.05191799 0.03918651
6 0.86144180 0.50483631 0.04761905 0.03844246
6 0.52695106 0.50458829 0.04199735 0.04092262
6 0.06613757 0.50781250 0.03968254 0.04191468
6 0.52149471 0.97048611 0.04563492 0.04712302
6 0.87070106 0.95362103 0.04365079 0.04365079
6 0.07870370 0.98536706 0.06878307 0.02926587
6 0.85532407 0.06535218 0.04993386 0.04092262
6 0.43750000 0.04600694 0.05555556 0.04092262
6 0.07225529 0.03323413 0.04464286 0.03472222
6 0.93683862 0.06659226 0.05026455 0.04042659