8 0.47619048 0.53311012 0.72552910 0.83655754
8 0.07655423 0.53038194 0.15310847 0.84201389
3 0.24454365 0.26041667 0.06712963 0.18105159
3 0.33730159 0.26599702 0.05753968 0.18774802
3 0.42377646 0.27418155 0.05522487 0.18923611
3 0.50380291 0.27715774 0.05588624 0.18328373
3 0.58564815 0.27628968 0.05423280 0.18650794
3 0.66286376 0.28187004 0.04927249 0.18526786
3 0.74388228 0.28397817 0.05191799 0.17757937
3 0.24305556 0.53125000 0.05753968 0.18005952
3 0.33349868 0.53050595 0.05654762 0.18799603
3 0.41716270 0.53162202 0.05787037 0.18774802
3 0.49735450 0.53236607 0.05952381 0.18427579
3 0.57754630 0.52914187 0.07043651 0.18278770
3 0.65724206 0.53459821 0.06051587 0.18179563
3 0.73644180 0.53658234 0.06679894 0.17584325
3 0.23826058 0.80047123 0.06712963 0.19717262
3 0.32919974 0.79712302 0.06712963 0.19742063
3 0.41005291 0.79650298 0.06349206 0.19866071
3 0.49090608 0.79414683 0.07242063 0.19890873
3 0.57324735 0.79141865 0.06183862 0.19097222
3 0.65509259 0.78769841 0.06944444 0.19345238
3 0.73578042 0.78856647 0.06812169 0.18526786
6 0.80886243 0.18117560 0.03902116 0.03249008
6 0.47007275 0.16369048 0.04067460 0.03174603
6 0.18568122 0.15066964 0.04662698 0.03497024
6 0.10069444 0.14112103 0.04530423 0.03273810
6 0.16501323 0.52976190 0.05092593 0.04067460
6 0.08713624 0.53311012 0.04464286 0.02752976
6 0.79761905 0.53497024 0.03968254 0.03621032
6 0.15376984 0.92038690 0.04761905 0.03224206
6 0.07308201 0.92956349 0.04232804 0.02876984
6 0.52248677 0.90848214 0.05092593 0.02827381
6 0.79414683 0.89732143 0.04199735 0.03273810
1 0.03654101 0.27182540 0.06316138 0.28968254
7 0.03224206 0.17943948 0.04794974 0.07316468
1 0.03091931 0.69407242 0.05522487 0.48834325
7 0.03042328 0.49925595 0.05423280 0.08680556