8 0.51256614 0.50272817 0.86441799 0.99404762
8 0.04017857 0.49751984 0.08035714 0.99355159
8 0.95684524 0.51078869 0.07705026 0.93080357
1 0.72966270 0.69667659 0.27347884 0.55654762
1 0.33283730 0.67683532 0.37929894 0.61855159
1 0.29976852 0.18737599 0.29530423 0.33407738
1 0.70105820 0.20858135 0.35052910 0.34672619
0 0.72371032 0.68018353 0.07175926 0.07961310
0 0.34672619 0.66728671 0.10482804 0.08854167
0 0.68783069 0.24913194 0.24470899 0.07812500
0 0.69328704 0.27256944 0.09689153 0.17708333
0 0.30373677 0.19642857 0.19080688 0.27281746
0 0.25677910 0.24231151 0.03736772 0.17113095
0 0.34226190 0.24479167 0.04298942 0.17609127
0 0.45469577 0.69791667 0.01653439 0.34821429
0 0.38574735 0.79960317 0.01752646 0.14980159
0 0.28389550 0.81125992 0.09160053 0.19295635
0 0.20618386 0.84176587 0.06183862 0.12003968
7 0.34143519 0.44704861 0.30919312 0.13417659
7 0.70601852 0.10255456 0.30092593 0.09499008
7 0.72966270 0.47433036 0.22916667 0.09449405
0 0.38855820 0.45709325 0.17063492 0.11259921
0 0.80902778 0.50223214 0.03075397 0.02876984
0 0.60962302 0.10714286 0.02414021 0.03472222
0 0.66914683 0.12140377 0.04861111 0.01612103
0 0.64930556 0.49131944 0.05522487 0.02926587
6 0.89169974 0.51202877 0.03075397 0.03348214
6 0.56001984 0.50830853 0.05522487 0.04588294
6 0.11855159 0.50520833 0.05191799 0.04216270
6 0.03025794 0.49900794 0.04728836 0.03968254
6 0.55274471 0.95771329 0.05390212 0.03695437
6 0.11574074 0.96440972 0.04629630 0.03546627
6 0.02695106 0.96168155 0.03406085 0.03745040
6 0.87880291 0.94680060 0.04133598 0.03249008
6 0.95734127 0.94022817 0.04298942 0.02926587
6 0.48941799 0.05257937 0.05291005 0.03968254
6 0.12533069 0.03831845 0.04894180 0.04340278
6 0.03687169 0.03273810 0.05390212 0.03968254
6 0.90393519 0.07118056 0.03538360 0.03720238
6 0.97999339 0.07452877 0.03538360 0.03397817
6 0.96808862 0.51475694 0.04794974 0.03645833