8 0.49768519 0.55295139 0.75727513 0.87624008
8 0.05737434 0.55865575 0.09490741 0.88268849
8 0.93816138 0.55257937 0.12367725 0.85069444
6 0.53505291 0.54985119 0.04497354 0.03621032
6 0.05770503 0.55096726 0.04265873 0.03497024
6 0.14186508 0.54836310 0.04761905 0.04117063
6 0.83614418 0.55171131 0.04332011 0.03993056
6 0.91583995 0.54935516 0.05456349 0.03819444
6 0.46445106 0.14657738 0.04927249 0.03323413
6 0.14947090 0.14000496 0.04563492 0.02653770
6 0.07291667 0.14322917 0.04001323 0.02802579
6 0.83697090 0.15525794 0.04497354 0.03373016
6 0.91236772 0.15823413 0.04100529 0.03323413
6 0.52810847 0.96304563 0.05291005 0.03422619
6 0.83382937 0.95634921 0.04265873 0.03224206
6 0.13442460 0.96465774 0.04199735 0.02752976
6 0.04695767 0.97445437 0.04761905 0.03224206
6 0.90906085 0.94915675 0.03902116 0.03125000
1 0.65707672 0.28137401 0.31415344 0.30133929
1 0.30009921 0.26773313 0.25496032 0.27901786
1 0.32886905 0.70510913 0.33234127 0.56150794
1 0.68419312 0.72135417 0.25000000 0.51463294
0 0.64384921 0.29055060 0.10383598 0.07316468
0 0.30208333 0.29179067 0.10615079 0.11235119
0 0.32804233 0.68799603 0.10383598 0.08730159
0 0.67989418 0.70287698 0.07738095 0.07986111
7 0.33961640 0.49627976 0.28439153 0.12549603
7 0.68733466 0.51388889 0.21064815 0.09027778
7 0.30175265 0.17547123 0.20866402 0.06125992
7 0.65906085 0.19159226 0.27711640 0.08606151
0 0.38492063 0.50644841 0.13822751 0.06051587
0 0.25066138 0.51760913 0.04761905 0.03125000
0 0.29646164 0.52145337 0.03538360 0.03546627
0 0.56646825 0.19866071 0.05753968 0.03720238
0 0.62235450 0.20014881 0.03108466 0.02926587
0 0.72271825 0.53075397 0.10350529 0.03174603
0 0.59441138 0.52145337 0.01488095 0.03546627
0 0.63888889 0.52827381 0.05423280 0.02678571
0 0.27132937 0.17943948 0.04927249 0.02108135
3 0.97734788 0.27579365 0.04530423 0.19146825
3 0.97602513 0.54935516 0.04794974 0.19444444
3 0.97734788 0.83159722 0.04530423 0.20783730